-31.3819
-38.3331
-44.5104
-45.1043
-43.0509
-42.6904
-14.6615
8.7105
26.2545
27.4050
27.0947
28.4582
29.0177
30.0667
28.3033
28.5904
41.5710
42.3387
40.1686
32.8062
23.2957
8.6127
-8.2721
-29.8647
-10.2403
-16.2289
-23.2850
-27.1308
-27.1308
-25.1316
4.6729
30.9318
48.6551
50.4705
52.6308
52.4878
55.2652
55.2652
50.4088
52.6031
62.3555
62.9730
64.4720
56.2606
45.3543
28.9675
6.9683
-12.1107
-7.4609
-13.3716
-19.0067
-20.5842
-19.7192
-18.0679
10.1154
34.9609
54.3359
56.3688
54.9199
53.6995
53.6479
52.9093
50.1107
52.8705
63.4201
64.9598
64.3134
55.2806
45.2562
27.6271
6.0700
-14.9853
-9.8765
-17.5548
-22.2564
-23.8330
-24.9516
-22.9371
4.9438
31.0587
47.8243
50.3410
46.8456
42.8720
44.7278
43.6280
37.0693
34.7337
48.3423
49.5735
49.5735
42.4573
32.9191
17.8993
-3.1791
-21.8965
-14.8914
-20.9871
-27.3155
-29.2039
-27.7897
-27.9956
-0.1829
21.5820
37.6025
38.7997
36.1146
33.1428
31.5901
31.9739
35.1768
38.7299
51.5379
55.7529
55.2259
47.2196
38.6141
22.4126
3.2547
-17.4986
-15.8312
-27.1896
-34.4390
-37.5179
-41.4303
-38.9848
-37.4443
-30.6991
-14.1907
-3.4587
0.3541
0.4541
-2.8041
-6.0415
-5.1613
-5.1613
1.3155
15.5632
14.3657
9.0929
3.9538
1.8079
-5.1613
-15.2078
-24.2060
-32.0189
-36.7786
-40.6594
-43.8013
-42.1543
-42.0300
-35.9144
-20.2695
-5.6569
-3.5929
-1.8542
-2.3559
-4.2325
-5.1809
-5.0251
2.2646
16.1281
14.5480
11.3886
6.6116
3.7478
-4.5152
-14.2853
-11.5783
-21.1484
-25.6561
-28.1821
-28.8805
-27.6072
-0.2595
24.3517
42.3571
44.3217
43.8388
42.9313
43.8574
44.6451
40.9921
42.6494
52.1578
54.1635
54.6649
46.8000
36.9533
20.4011
0.8175
-18.3488
-1.0546
-8.5424
-16.0571
-19.0011
-17.1793
-15.1738
14.5099
39.0337
58.7359
60.6926
61.1536
58.9626
59.1078
58.9413
54.8647
56.9920
67.5862
69.7425
69.7532
61.2826
50.7041
33.8066
12.7197
-8.3666
-2.7740
-11.0372
-17.1527
-19.7516
-19.7850
-17.7969
9.7248
34.0891
52.2605
55.2806
54.7301
53.7503
54.6237
54.2959
48.8268
49.4769
60.6201
63.0880
60.8215
51.1699
39.0808
22.3535
-0.6981
-19.5378
-15.4766
-23.5364
-29.5770
-29.5742
-31.5897
-30.2631
-2.1439
20.6154
39.3355
39.7704
37.0547
35.9823
34.1015
34.8413
32.5132
35.0277
46.1498
46.8942
46.1161
38.3955
29.0509
12.7707
-8.0038
-26.8866
-20.7553
-26.7677
-32.8770
-35.8328
-37.6046
-34.4552
-5.0578
19.5650
36.6176
40.3647
40.2681
39.8945
38.9553
39.8945
35.0820
39.0855
51.4641
56.0744
56.5274
48.8290
38.9444
22.7797
2.8802
-16.5531
-14.4987
-24.3362
-30.9559
-34.0092
-37.3832
-37.3048
-34.8525
-31.0614
-16.4858
-4.2281
0.4343
2.0541
2.5849
-2.5669
-4.1859
-3.6499
3.4781
15.9876
14.2817
11.8579
5.6635
5.6992
-1.2173
-11.9233
-20.1128
-28.9130
-35.2035
-38.6865
-41.7132
-40.6225
-38.9887
-31.7459
-16.3750
-6.5045
-3.6745
-3.0240
-3.9220
-10.1165
-12.2634
-14.0143
-5.3882
10.2026
7.1365
3.3100
1.9659
-0.6023
-9.9443
-18.0208
-16.2983
-26.2430
-30.8695
-31.9983
-32.8192
-31.4295
-3.6265
19.2029
34.5138
36.1787
36.3772
35.1066
35.7928
37.5164
36.1664
38.3771
46.2952
49.1502
49.4097
41.5502
33.9488
18.4707
-3.3534
-21.0027
-1.3963
-9.4188
-15.4661
-17.3074
-17.6480
-15.5065
13.9410
38.8938
58.3551
60.5485
60.4711
59.1428
59.1146
59.1667
54.9334
57.0488
67.6321
69.7425
69.4568
60.3485
49.7731
33.2183
12.4757
-8.7757
-2.9500
-11.0254
-17.1539
-19.2592
-19.2484
-17.1527
11.6941
36.4934
55.1319
57.0909
56.9494
54.7456
55.0492
54.8522
49.7052
51.6780
62.1913
63.7458
62.4187
54.1255
43.6275
28.4281
7.8892
-12.8893
-7.8876
-15.0490
-20.9478
-22.5208
-23.0115
-22.7961
4.7942
29.5810
49.6822
51.2205
52.5347
51.0811
51.0970
49.9065
45.8485
48.4200
58.8307
61.2590
60.9538
53.1536
42.9156
26.7962
6.4761
-13.7114
-8.9460
-16.3729
-22.1915
-24.2449
-24.2942
-22.8552
5.3565
29.2432
46.9897
48.7709
48.3337
48.3008
45.8907
46.3471
42.3749
44.4046
53.9506
58.2406
58.2406
47.8773
38.7165
22.4926
2.8250
-16.3664
-14.4956
-24.6228
-31.1758
-34.8954
-38.1232
-36.3034
-34.6893
-27.9782
-12.0265
0.8854
3.6424
4.7393
2.4586
-0.1774
-3.7249
-3.7249
1.3155
15.5632
13.5069
10.6984
6.3433
0.4343
-4.7468
-14.4548
-24.5655
-34.6428
-38.8035
-41.6130
-44.1900
-42.6192
-42.5440
-36.3461
-26.1176
-14.5148
-12.1539
-11.8479
-12.1539
-11.5579
-13.8177
-15.3970
-10.2831
2.7272
1.6390
-2.2957
-6.5379
-11.1358
-17.3685
-23.1656
-16.3881
-24.1963
-28.4082
-30.3586
-31.2042
-28.5740
1.5750
24.2816
44.1301
45.3038
43.6227
40.7438
39.3271
37.7032
35.1380
35.7401
43.9390
44.7267
43.0365
34.0889
27.0623
13.0395
-5.3033
-23.1430
-3.2623
-11.0478
-15.3128
-17.2415
-17.5266
-16.1600
12.8995
38.0882
56.6760
59.7302
59.2839
56.0712
56.0712
53.7235
47.9866
50.0081
58.1966
57.3306
58.4294
49.4737
38.9133
21.6419
1.0865
-20.5157
-12.8586
-17.5849
-25.6115
-28.3386
-33.1476
-31.6751
0.1763
27.6918
46.4054
50.3607
49.1472
46.4054
45.9201
46.2118
43.5946
47.1155
56.9403
59.2824
57.0524
49.8065
39.7336
24.0977
3.0113
-17.2277
-11.4575
-20.9596
-24.6322
-27.8418
-26.1598
-23.0805
5.7253
31.0587
49.6822
51.3910
52.4254
51.0811
51.0811
51.0453
46.9414
48.8522
58.8777
61.1182
61.0120
52.9753
42.6676
26.6185
6.3908
-14.0410
-8.8484
-17.8506
-23.7703
-24.6106
-25.8502
-24.5203
2.5429
25.1317
42.2651
41.4131
40.8447
35.4250
38.0899
38.7644
34.7005
36.0086
43.9605
43.3587
44.7495
33.4775
23.4723
6.7013
-13.2393
-30.8911
-27.3741
-37.9396
-44.4870
-46.3390
-47.2025
-44.7164
-47.3203
-49.5079
-31.8184
-18.0135
-13.9851
-12.2862
-13.1441
-16.5486
-17.9069
-16.5699
-11.7840
6.4486
6.5926
5.3352
3.0113
-0.1325
-5.5867
-13.9732
-20.1754
-30.2100
-36.3635
-38.4020
-40.5607
-38.7759
-37.4956
-31.2064
-15.1738
-2.2800
1.0855
2.6635
1.1343
-2.3041
-4.1405
-4.5574
1.3843
15.0632
14.4676
11.2668
6.5710
3.7803
-4.1405
-13.8907
-11.1542
-19.0690
-24.7256
-25.9107
-26.3168
-24.8237
2.1090
26.1896
45.0073
47.0704
46.8454
44.5824
44.8801
44.9761
40.8812
42.9152
52.9659
54.6155
54.8226
46.8000
37.2378
21.4535
1.6957
-18.1349
-0.5280
-8.3252
-15.2072
-17.0152
-17.2415
-15.1738
14.2751
39.5855
57.8683
60.0326
58.9814
56.0712
54.2289
53.8937
50.3281
54.0951
65.9731
68.0359
68.2503
60.5102
49.8955
33.5125
12.2013
-8.3892
-2.7848
-10.9723
-17.4601
-19.2592
-19.5985
-18.4285
9.4857
35.2141
54.3750
56.3688
57.0161
55.1471
54.6556
54.3359
49.7536
52.2635
62.2389
64.7044
65.4035
57.1222
46.3363
30.0095
9.6418
-10.9821
-5.5678
-13.6461
-19.6795
-22.3514
-22.0037
-19.9884
8.2081
32.4904
51.0227
53.1569
53.0882
50.9039
50.3183
51.0876
47.0704
48.9587
59.0912
61.1024
61.2308
53.1110
43.0112
26.6421
6.1227
-14.4187
-9.4106
-16.5591
-22.1928
-24.1698
-24.1958
-22.1840
5.3154
29.2388
47.1127
49.0287
49.1005
47.1127
47.0647
47.0149
42.7392
45.1152
54.9215
56.2843
56.6304
50.2880
40.3560
24.4853
4.6819
-15.0827
-13.3180
-23.0196
-29.4822
-32.7119
-37.3153
-35.5184
-33.8866
-27.5864
-11.4400
1.2735
4.8799
6.3731
4.7524
0.9734
0.0473
0.0614
6.5356
20.7319
19.4755
16.2820
10.6095
7.7155
-0.1526
-9.9115
-18.4629
-27.4411
-33.7548
-36.7762
-39.9373
-38.6104
-37.0386
-31.1226
-13.4441
-3.2828
-0.1280
2.5214
0.9850
-2.1085
-4.3548
-6.3191
0.5602
14.1974
10.8516
8.0876
3.2746
-1.5337
-10.4846
-20.4855
-15.9424
-25.1107
-31.8077
-34.2345
-35.2996
-32.8640
-5.0506
19.2029
37.2343
40.4925
41.2910
38.9760
36.6633
36.2783
32.9293
38.2126
48.0349
46.2906
42.0401
34.5860
28.9101
14.1718
-0.5076
-17.6810
0.0858
-9.2036
-16.7795
-20.8152
-23.0677
-22.9988
3.4873
28.7620
45.9660
52.1461
51.9509
47.2610
48.0587
48.6551
44.0327
44.7495
59.0714
65.2167
64.3016
52.5342
41.9696
25.7583
4.5062
-15.8548
-8.9054
-15.4549
-21.9500
-23.6045
-23.2917
-21.8686
7.1293
30.5626
49.1865
51.6927
49.5255
48.6525
48.8320
50.2944
47.2564
49.5508
60.7540
64.3134
63.8013
53.9127
43.1153
27.9489
8.0521
-14.2451
-8.7536
-16.8913
-25.3920
-31.2002
-36.6814
-35.0505
-8.9661
15.4398
34.6546
37.7199
38.5903
43.6280
46.9223
46.3611
42.6284
45.7235
56.2256
44.6935
39.7188
30.5295
21.7605
5.6601
-12.5912
-31.6463
-27.8845
-35.0434
-40.0213
-38.9619
-35.3395
-30.7401
1.4519
27.4861
44.5614
46.0081
47.3325
44.6898
44.6259
40.2623
37.8782
38.9972
48.0215
51.8638
51.2639
43.5779
35.2779
19.5686
-0.9162
-19.8260
-18.1362
-29.2459
-35.1347
-38.8477
-44.9959
-46.7684
-46.1421
-40.5783
-23.9469
-11.5095
-8.1759
-4.8755
-9.7391
-15.8537
-17.9932
-18.6689
-10.6471
0.7211
-0.9699
-5.0919
-8.6932
-13.1780
-21.4467
-30.5501
-36.4694
-44.2525
-50.3505
-53.5781
-56.6246
-52.8148
-51.7239
-43.9014
-25.4268
-11.3634
-7.2494
-5.9600
-8.4065
-11.0729
-10.1230
-10.3032
-2.9377
11.7753
11.0107
8.0098
6.1190
2.9623
-5.2344
-14.2381
-11.4136
-19.6210
-25.4766
-27.7929
-26.9806
-26.0336
2.3276
26.4183
44.3722
46.5476
47.0713
44.8579
44.4814
44.9922
41.1341
42.6873
52.2463
54.9258
53.9593
44.3882
34.2994
16.3879
-3.2692
-23.4013
-6.8072
-15.1199
-21.8747
-23.8812
-22.9790
-20.4421
9.3314
38.0882
56.4802
56.6716
56.6716
53.2030
52.7587
52.9375
46.8650
48.0163
59.7403
63.7804
64.9727
58.5291
48.3454
32.4137
12.1687
-8.6114
-3.2458
-10.9821
-17.2014
-19.4929
-19.4690
-17.4112
11.4417
36.2618
54.8764
56.6966
55.9705
54.3750
54.5909
54.6556
50.4791
52.9614
63.3288
65.3702
65.3874
57.0909
46.6119
29.4143
9.3780
-11.2123
-5.5760
-13.6461
-19.6795
-21.8000
-22.3514
-19.9884
8.4151
32.8726
50.8343
52.9116
52.9338
51.1269
51.1269
51.1269
47.0594
49.0516
59.2219
61.2719
61.1024
53.0752
41.7178
25.0396
3.4991
-16.8913
-10.9585
-19.1207
-24.0444
-25.9050
-28.7148
-30.9314
-4.9592
16.5947
35.6241
40.6534
37.5084
34.2304
36.6176
40.4443
35.5534
38.7299
47.6509
48.7875
48.7875
38.6018
30.1557
17.1008
-2.3327
-25.1132
-22.9680
-30.8932
-37.0804
-42.9114
-46.8127
-44.4277
-41.1213
-36.1715
-18.1502
-6.1353
-1.2535
-1.6567
-1.8811
-6.7030
-10.7539
-8.9930
-2.0381
15.6489
12.1502
10.7841
6.4263
4.1449
-1.0300
-11.4522
-19.5247
-29.3715
-35.1495
-39.1781
-44.0330
-41.2828
-39.2425
-31.4614
-15.8134
-4.2325
-2.2831
-2.4284
-5.3945
-7.2423
-8.8185
-7.0136
1.3347
16.5068
14.7337
11.1813
5.4726
0.1968
-5.7486
-14.6908
-9.8167
-17.6158
-23.5242
-25.5557
-25.6847
-24.8237
2.2198
25.6164
43.3942
45.3591
46.1793
45.0213
44.9821
44.7170
41.1658
42.8698
52.9535
54.9258
54.9203
46.9575
37.2378
21.2062
1.6206
-17.5902
0.0704
-8.3299
-14.6335
-16.8626
-16.7813
-14.6280
14.6998
40.1296
59.1667
61.2766
60.7591
56.2101
54.7974
53.9782
49.0629
51.1766
61.7518
64.8076
61.4751
52.7271
42.1623
21.7414
1.6811
-19.8234
-14.0414
-22.2698
-26.5736
-29.4092
-27.2878
-25.6115
3.4963
26.9139
46.4054
48.4761
46.7112
44.4426
43.0482
41.1625
38.7106
40.8791
52.1284
57.0524
54.1003
45.0182
36.4634
18.0450
3.4582
-12.6653
-7.8876
-18.0212
-24.7981
-29.2938
-31.3947
-31.0515
-2.9355
19.4261
38.8372
39.8695
39.9687
38.6380
36.8573
36.8573
32.0282
35.8171
49.3329
53.4900
54.3282
43.9345
29.2477
12.9668
-7.0288
-27.7658
-20.5576
-31.2749
-37.2796
-39.7223
-40.0972
-37.2796
-11.6283
16.0993
32.9464
35.9162
38.3043
36.8155
37.7003
37.5046
34.2189
38.2776
47.4639
53.9563
50.9123
48.5101
39.1670
23.1212
3.4302
-16.2663
-14.5028
-24.2134
-30.6900
-34.0457
-37.9567
-40.7937
-39.9536
-32.0665
-15.9094
-2.1057
3.0053
6.2593
4.0040
0.9243
-0.0122
0.0543
6.5204
21.1266
19.3871
16.2115
11.3456
7.0254
-1.0756
-10.4086
-19.5247
-30.7781
-37.8268
-44.0701
-48.3367
-48.0193
-45.1016
-43.3137
-25.8214
-12.2426
-12.7423
-9.2943
-8.8952
-11.1696
-15.4960
-14.8035
-7.5156
8.4289
-1.5021
-4.7459
-11.5471
-14.6966
-18.5316
-27.1024
-22.8515
-30.6530
-36.7944
-37.7596
-34.7164
-28.4909
-1.0634
21.5827
36.6633
35.5819
35.9800
35.0080
36.9498
36.0846
31.2806
32.3533
41.2720
44.1321
44.7267
34.3870
22.7091
6.9452
-10.5455
-30.1607
-13.9874
-21.6986
-28.5778
-31.3523
-30.1860
-26.4141
2.9914
28.7620
46.9616
47.2871
48.5759
45.9660
46.9616
47.3608
45.4157
47.4303
61.2192
66.9281
68.1446
61.1698
50.6894
33.5366
11.7078
-8.6893
-2.8096
-11.0372
-17.1492
-19.2839
-19.7850
-17.7274
11.5824
36.4989
55.0492
56.9494
57.2092
54.9223
55.1319
55.1302
50.9184
52.9614
62.9180
63.7458
63.6897
56.4479
45.6112
28.4281
7.8334
-14.9088
-10.6889
-19.6088
-26.4536
-25.6144
-24.7410
-20.3525
8.0081
31.5840
46.0299
50.8600
51.2781
48.6410
48.7681
45.7768
40.2201
41.3190
51.3660
53.3954
55.9236
48.6333
36.0752
19.2310
-0.4231
-18.4235
-12.8505
-20.0488
-28.0824
-27.6430
-30.7613
-28.7901
-1.1534
21.5820
39.5220
43.2313
42.3385
40.5348
41.4200
41.4200
36.5656
39.4351
44.9523
48.7875
48.5959
38.0062
26.1019
12.3439
-6.7381
-27.6547
-27.7673
-36.4668
-42.8195
-43.7833
-46.6186
-44.1405
-41.4910
-34.3935
-19.9273
-7.7629
-4.5262
-1.9424
-2.4315
-4.7584
-6.0220
-5.0775
0.8898
15.3036
13.8552
8.7219
5.8359
2.6811
-3.5755
-12.4381
-20.1754
-28.5506
-34.0599
-36.9460
-41.0320
-40.0289
-38.8053
-31.2880
-14.6280
-2.1170
0.7581
2.5820
1.0040
-2.7285
-2.4083
-2.4083
2.1268
18.1187
16.5382
13.3780
8.6395
5.4817
-2.4083
-14.2036
-9.9089
-17.7426
-23.4465
-25.3956
-25.9432
-25.1916
1.6371
23.9225
42.1539
44.7732
45.7250
44.3722
43.9049
42.8084
38.8176
40.3258
50.7315
50.8825
51.4843
45.6243
36.4383
20.8204
0.2633
-21.0753
-3.3345
-14.4934
-21.9670
-22.6278
-23.8812
-22.9038
5.4556
31.6085
52.4878
51.9509
53.0149
52.3968
49.2484
48.2578
42.8370
44.8492
54.6178
58.4294
59.4246
49.1743
39.6105
26.4156
8.5361
-13.5456
-8.0411
-15.9421
-21.8686
-24.9304
-25.8117
-26.7680
7.7573
31.4192
50.7801
50.9926
50.4520
50.7801
44.4426
42.0526
39.5078
41.7762
54.4970
56.9562
58.4661
53.2430
44.2427
29.1056
9.6362
-10.9767
-6.4290
-13.9316
-19.9884
-22.8333
-22.8891
-18.4850
9.7765
32.0687
50.3631
52.7705
53.1590
50.2784
49.5253
49.5253
45.3591
47.9914
56.2947
52.4374
52.1461
43.3469
33.3124
18.5707
-1.5409
-20.8673
-15.3438
-23.6962
-28.5221
-30.1410
-30.9416
-27.5674
-2.2575
22.5051
40.3534
41.7868
41.0351
38.5727
39.7088
37.8954
30.3639
32.6449
38.8601
40.7505
44.4505
37.8072
27.8914
15.1688
-2.8610
-20.5873
-18.2853
-27.6850
-33.5804
-37.0851
-40.4539
-38.5591
-38.2828
-30.2165
-12.3606
0.9622
3.4935
5.4047
2.0639
-2.5669
-4.8288
-5.3302
-1.6567
11.4772
9.8562
0.1616
-4.4128
-5.4317
-16.2013
-26.8956
-35.7092
-44.6968
-49.6188
-49.2000
-51.3539
-46.3876
-43.7027
-37.6018
-21.6911
-8.1027
-4.9499
-2.8518
-4.1734
-7.3265
-8.3226
-6.5211
1.1811
14.1974
11.9216
6.8702
-1.0383
-4.9625
-15.9906
-23.5582
-14.8278
-24.1065
-31.2418
-31.1178
-32.0883
-34.6270
-3.5334
17.0650
34.6128
33.6925
33.6925
33.5200
33.0220
33.0220
28.7008
34.4121
45.0898
47.2432
49.3236
42.6284
28.9101
15.7908
-4.3958
-23.0577
-2.9104
-10.6617
-17.3492
-21.0491
-22.2826
-20.0135
7.4557
30.9318
51.2814
54.7831
58.3940
59.1187
59.0828
59.0687
54.4122
56.4262
66.7408
69.7501
69.5043
60.1730
47.8213
26.4156
4.6957
-16.4174
-12.0776
-20.9903
-27.8452
-29.0181
-27.7624
-26.1867
3.5911
29.8495
48.5623
53.0100
54.5344
53.4886
54.3359
54.3359
50.2306
52.8907
63.1467
65.2214
65.1428
56.8466
46.5393
30.2556
9.6418
-11.1903
-5.6273
-13.6164
-19.6649
-22.3107
-22.2714
-19.7847
8.5881
32.8611
51.0770
53.0360
52.8302
50.7712
50.9488
51.1122
46.3486
48.2886
60.4413
60.4241
60.0009
52.7705
42.3343
26.3154
5.8976
-14.7707
-9.1659
-17.4728
-21.0045
-24.9133
-24.5708
-22.5666
5.0927
29.1081
46.8877
47.8512
48.2491
45.4560
44.8772
44.8772
38.8591
41.2319
51.2392
50.2829
47.7241
38.8985
28.9813
14.7875
-7.2305
-29.2339
-25.9918
-35.4800
-41.9321
-44.0763
-48.2816
-44.7164
-42.0533
-34.2120
-16.4858
-1.8824
1.4301
3.7514
3.2840
0.4976
-1.1693
-1.1693
4.8501
18.3441
15.3379
13.8689
8.5459
5.8255
-4.9942
-14.9529
-22.9932
-31.6173
-37.2148
-40.2101
-42.7167
-39.6064
-37.2375
-32.1690
-16.4306
-2.5308
1.0467
1.8361
-0.1934
-4.1117
-6.6588
-6.7989
-0.3507
12.6689
10.8516
5.3761
-0.9428
-5.0596
-14.8035
-25.2363
-25.8348
-36.6077
-42.2061
-43.3112
-42.4311
-42.3693
-10.6507
13.9920
32.0277
35.5819
35.6815
34.5138
37.0449
37.0449
33.1195
35.9257
48.9167
52.9382
54.0019
45.6751
36.7254
21.2573
1.8941
-17.5840
0.0931
-8.3666
-14.6323
-16.9251
-16.8061
-15.4264
13.9410
38.4309
57.9168
59.6231
60.1270
57.5613
56.9277
53.5516
46.5788
48.0163
61.0387
64.1295
65.6135
57.2265
46.9606
29.8416
7.5647
-13.6298
-7.8731
-15.6964
-21.6273
-23.8443
-26.1738
-25.8025
3.8743
27.7882
44.7401
46.5128
47.3044
45.8226
48.2895
50.2118
46.6376
49.4769
61.0138
63.6327
64.6644
56.7595
45.9264
30.0095
9.3539
-11.2594
-6.0317
-13.8376
-19.9548
-22.5612
-22.9628
-21.0963
6.7243
29.1410
47.5325
48.7932
48.0585
45.9460
44.9064
46.2790
44.3217
45.9379
56.2947
58.7269
60.3485
51.8617
42.4244
26.5077
5.9528
-14.2332
-9.6967
-16.5292
-22.4499
-24.1763
-24.1763
-22.2035
5.4551
29.2247
46.9665
48.8522
47.3878
44.8154
40.1708
31.4947
30.6621
33.7402
47.4639
52.6828
55.3920
48.8048
39.0629
22.6236
2.8250
-16.2777
-14.5063
-24.1988
-30.6679
-33.9112
-37.1393
-35.6234
-33.9704
-27.8252
-12.7992
-1.0415
2.1980
3.8182
1.4301
-0.5313
-3.6499
-4.7468
2.0541
16.8028
14.9412
7.5847
1.1668
-0.6110
-8.9930
-19.1801
-27.8853
-35.7708
-41.7708
-46.2551
-50.5669
-47.6311
-48.3136
-43.5099
-26.7105
-14.2181
-9.3867
-7.8108
-5.0381
-8.1027
-8.9873
-7.4582
-0.7786
14.1305
12.5508
10.5461
6.9998
4.2417
-3.7108
-13.0580
-10.2258
-18.4271
-24.4943
-26.2755
-26.6290
-25.6561
-1.6532
21.5827
39.3271
41.6358
40.5827
40.0934
40.1763
42.3571
39.9760
42.3302
52.2724
54.6881
52.1840
43.0986
31.9051
16.1345
-6.8126
-26.4347
-10.1420
-17.8577
-24.0563
-26.0571
-26.8366
-23.5729
2.7930
26.1834
43.9076
46.5037
48.2773
47.1612
50.8053
51.8443
48.3509
51.0889
61.2192
62.2330
60.5077
51.0656
41.6792
26.6010
6.3526
-16.7972
-10.8308
-19.6335
-23.6659
-22.9872
-23.5256
-22.3636
5.6085
28.6467
45.3324
44.2214
42.6437
39.2275
37.3023
35.6992
27.8299
32.9308
42.9726
44.5412
46.8682
41.2017
31.3370
16.6590
-2.2809
-16.7027
-11.2839
-19.1762
-27.0947
-28.2868
-27.1489
-25.3059
1.3203
26.3123
41.6139
44.0319
41.9602
39.8337
40.0328
39.0365
34.9843
36.2140
49.1356
50.9667
54.0514
46.0277
35.6135
22.9924
0.7377
-21.8018
-15.6190
-20.2000
-25.3844
-27.2862
-25.7961
-24.9058
2.6109
27.5412
45.5098
47.4424
47.4962
44.7529
45.3461
45.9589
40.3928
41.3079
52.5086
53.8150
55.7529
48.9866
38.8990
22.7470
0.5654
-20.4309
-19.6354
-30.5353
-38.4515
-43.4914
-48.2816
-51.8827
-53.7287
-46.8249
-28.4206
-18.3179
-14.5474
-14.1232
-13.8203
-15.4077
-17.1138
-12.6335
-6.0641
8.9067
5.5098
2.8593
-4.1293
-8.1163
-17.3814
-26.5359
-33.7287
-44.0724
-51.9189
-55.5501
-57.8541
-55.3256
-52.9412
-45.2555
-29.6398
-14.9098
-9.7813
-9.2943
-10.2757
-10.4966
-11.1291
-8.2415
-1.3035
14.8891
13.3092
10.4918
4.6562
3.9014
-3.7911
-14.2381
-10.6536
-19.0690
-25.9690
-26.9806
-27.1428
-25.7173
0.9861
21.8425
37.9812
38.7222
37.2661
32.3256
32.9225
32.1269
28.5019
31.9560
44.1328
46.2906
46.0006
35.8805
29.5730
18.5401
-0.8347
-28.3840
-6.4455
-14.3176
-20.9691
-24.8126
-29.7934
-29.1595
-0.7240
25.8894
44.7820
49.4737
53.5842
50.0324
49.0510
50.1296
44.0327
44.8492
54.7174
57.6302
59.4246
51.2632
40.8973
21.0459
-0.6947
-25.0330
-19.1776
-28.9191
-35.1667
-36.8732
-36.4318
-31.0936
1.3628
28.3626
52.2605
50.8138
51.4330
48.7424
46.9811
41.3595
35.9522
40.6798
55.1716
58.1883
57.6249
50.7238
41.2531
25.0503
2.9209
-22.1710
-17.6463
-25.8026
-33.2184
-33.0638
-33.0638
-29.1873
1.0419
26.1313
43.0625
43.1500
45.2799
42.5846
42.3920
41.1227
33.3960
35.7180
44.3789
43.6011
43.6903
37.7199
26.5564
11.8955
-8.6767
-30.7685
-25.1660
-32.2198
-37.2796
-36.5235
-35.4381
-32.8770
-6.9379
17.1905
35.6241
34.6360
36.6118
32.2638
32.5554
37.7003
35.8331
39.8629
49.3639
52.1144
52.6828
47.2764
38.3198
20.0080
-3.6766
-26.9644
-26.5847
-35.0859
-41.3416
-44.6646
-44.8091
-41.4791
-39.4347
-36.3634
-21.8731
-7.2784
-3.6570
-2.6162
-1.2535
-2.0308
-4.1078
-4.6652
5.0107
19.7598
17.4210
13.1339
8.8118
6.6833
-1.4173
-10.6111
-18.1160
-27.7360
-33.5198
-37.1403
-40.7624
-40.0289
-39.7115
-32.8263
-19.0290
-5.8062
-2.5775
-1.0002
-1.8589
-2.8967
-5.5128
-6.5211
-1.1508
12.2698
10.7713
7.5327
0.2767
-2.3309
-12.2634
-22.3857
-17.9607
-26.8203
-32.5738
-36.9703
-37.4637
-36.2052
-8.5917
14.6843
32.3256
41.2038
44.7732
44.2950
44.8347
45.0213
40.6850
42.8698
52.5083
52.9966
52.9382
44.3882
33.2039
17.5924
-4.0422
-28.2856
-12.7112
-21.6986
-24.7391
-25.1920
-24.1578
-20.4421
9.8364
35.0488
52.4878
53.6782
57.6816
57.4527
56.8032
56.6760
53.4880
54.9940
65.0762
68.1979
65.2167
57.4565
46.9606
29.9939
8.2199
-14.3176
-9.5323
-17.8563
-24.7632
-27.5720
-29.0181
-27.0605
-0.1212
23.7435
41.4583
43.8244
43.7254
42.2513
42.1519
41.0641
37.0252
40.9788
51.0305
55.0956
59.8970
53.8406
43.6275
29.1980
9.4836
-11.1121
-6.1005
-13.6310
-19.9548
-21.9950
-22.6446
-20.7610
7.5369
28.0394
46.9223
46.6661
45.3743
42.8720
41.0241
40.8265
33.6925
37.8072
45.1608
46.1161
45.7315
39.8695
29.7415
17.4142
-3.5711
-20.1402
-13.8413
-22.0792
-24.5203
-29.4546
-29.5389
-28.8802
-0.6185
23.1322
42.5905
42.6999
44.3328
40.0790
40.5348
40.8042
38.5397
38.9972
48.0215
50.3738
51.1766
42.7894
32.8672
16.4718
-3.6766
-22.8743
-18.8240
-29.0810
-36.1226
-38.5221
-41.1203
-38.3543
-37.7418
-32.6416
-17.2575
-5.4845
-3.6570
-5.6681
-9.0592
-14.2117
-17.4699
-17.5581
-12.7724
1.3959
1.3310
0.1616
-1.4063
-5.5299
-15.5459
-24.4783
-32.2074
-38.3000
-45.0754
-46.9375
-49.9790
-49.3907
-47.0354
-39.1048
-23.4768
-9.6466
-5.9391
-5.1053
-6.6817
-8.1027
-7.3827
-6.1230
0.7962
14.4583
14.7337
11.2244
5.3545
1.6984
-5.5707
-16.1831
-13.4110
-21.9886
-27.9218
-29.8723
-31.1178
-29.1676
-1.5677
20.8733
37.3286
37.5603
37.4624
33.7191
35.3033
34.6128
28.7008
31.4585
42.1680
45.9035
44.9242
39.3860
32.7313
18.7445
0.6270
-17.6542
0.0088
-10.2998
-18.4113
-19.9986
-22.7151
-19.8450
11.8201
38.7964
57.3412
59.5685
59.9842
58.2742
57.5613
55.0337
50.4890
53.5254
62.6078
66.4394
67.3222
55.5797
45.8564
27.3301
7.2264
-14.0567
-8.2962
-17.4057
-23.4874
-28.7260
-30.0971
-26.0904
3.6858
28.4575
48.6525
50.2691
47.6974
50.7004
48.1060
46.5019
43.4077
43.9474
51.0305
54.1003
54.0005
46.9094
39.2687
24.7954
3.5465
-14.9853
-10.7726
-17.3286
-27.1874
-29.2938
-30.2369
-28.1285
-2.5394
23.4831
40.7276
44.4196
43.4452
43.0625
42.1985
42.8720
39.3860
41.2246
49.8240
50.1719
51.0656
44.1291
34.1890
19.2310
-0.3318
-17.4788
-9.8477
-17.7462
-22.9083
-24.8441
-24.3366
-22.5794
5.3154
28.8484
46.5234
48.2082
48.2082
45.1174
46.8877
46.9998
41.5911
42.4447
47.7440
45.0487
47.4303
40.5574
33.7402
19.6432
-0.2971
-18.6639
-16.8374
-26.5971
-33.0567
-35.8618
-39.6390
-38.1552
-36.2849
-31.0614
-13.0700
0.8457
4.4741
6.2082
4.9165
1.4221
-0.5146
0.0657
6.1813
21.0047
19.5211
16.1696
11.3992
7.8742
1.2519
-8.4637
-16.5949
-26.0416
-32.3345
-35.4794
-38.6234
-37.0516
-35.4794
-29.1885
-13.4441
-0.8308
2.3250
3.9032
0.8174
-2.1904
-3.6649
-3.5940
2.5820
16.7322
14.5083
11.4275
7.2116
3.7803
-4.1740
-14.2381
-11.5227
-18.9676
-24.4075
-25.9432
-26.2755
-23.9592
3.8092
27.1154
45.0941
46.7419
46.4321
44.0481
44.4669
44.8045
40.8181
44.3276
54.1577
56.1249
56.1249
48.2585
38.4342
22.7351
3.1456
-16.4059
1.2729
-7.1394
-13.4441
-15.5448
-17.3166
-15.2966
14.5012
40.1238
59.1676
60.7910
60.2624
56.5461
54.5566
56.2101
52.6978
55.9416
67.2030
69.4316
69.5715
61.2838
50.5998
33.8076
12.7165
-8.6893
-2.7740
-10.9779
-17.1484
-19.2062
-19.2117
-17.1906
11.6275
36.4110
54.9218
56.6638
55.2806
54.2551
54.6556
55.0702
50.6138
53.0647
63.4098
64.7819
64.3134
56.2436
45.7512
27.2891
6.2162
-13.3089
-7.3542
-15.4789
-21.4696
-22.4046
-22.1044
-20.3525
7.9021
32.4486
43.2521
46.3032
44.7084
42.1985
41.7118
41.5160
37.0693
37.7076
46.8467
47.6820
49.1743
43.0513
33.8983
21.0374
0.8245
-18.1807
-12.8505
-19.3260
-24.9723
-25.9605
-25.5371
-22.7000
5.3816
29.0452
46.6826
49.0516
48.8957
47.0149
47.0958
47.0063
42.0834
46.3140
56.2518
55.7696
55.9387
50.2880
38.1130
22.5376
3.0830
-16.3664
-14.5075
-24.2183
-31.2416
-35.6355
-41.2743
-38.2209
-35.7472
-30.2836
-16.9105
-6.2293
-2.0634
1.2312
-0.7297
-4.4916
-6.9195
-6.7373
-2.3263
10.7896
11.7769
8.6285
3.9538
3.2683
-2.9314
-13.9732
-19.5803
-27.8018
-34.1626
-37.3428
-40.1401
-38.3381
-37.0236
-30.7339
-15.2767
-4.6764
-3.4312
-7.3193
-5.7563
-6.5045
-8.2415
-8.4861
-3.7282
10.5625
9.5995
6.0926
3.0385
1.9537
-7.3827
-16.7616
-11.7496
-19.0179
-24.8237
-26.8763
-26.9806
-24.4943
2.4323
26.0924
41.2867
44.5192
42.5483
40.0099
39.1524
37.7962
31.4770
33.5370
42.3665
43.3356
46.0006
39.2919
29.1007
13.7984
-6.5252
-23.6630
-5.9132
-13.5456
-20.6163
-22.6278
-20.5859
-17.7581
13.0133
35.7822
54.7176
56.8326
57.5321
57.9643
58.6102
58.6102
53.0542
56.1587
67.4299
69.4568
69.4568
61.1849
50.6224
33.7478
12.4757
-10.5383
-5.2611
-12.3518
-19.5456
-24.5041
-24.3365
-24.2091
2.9225
26.1270
43.5468
46.6120
44.6195
43.5468
46.6942
49.9613
46.3971
45.7579
55.1716
60.6575
61.3803
55.2222
45.2024
29.1980
8.3572
-13.3089
-6.7363
-14.3416
-19.7747
-22.4424
-25.0950
-21.9400
6.7243
32.1462
51.1193
53.1536
52.2673
48.9536
48.6410
50.8817
46.5794
45.3547
51.9289
55.7525
57.9737
49.5615
39.4943
25.0948
4.7038
-14.9986
-10.1148
-18.6012
-24.6462
-26.0738
-26.0738
-23.9881
4.8928
28.9295
47.0149
48.7797
48.4755
46.1374
46.5234
45.6151
41.1459
41.1554
51.3147
53.1505
51.6945
44.4956
33.8253
20.2199
-0.2971
-19.3957
-18.3607
-28.7568
-33.7176
-38.0478
-40.8186
-40.7937
-41.7711
-35.7901
-19.6410
-5.9480
-2.8041
-2.2301
-5.4073
-9.0376
-11.6440
-11.3471
-2.6162
12.8305
12.0573
9.6405
4.2315
2.7663
-2.9314
-10.8346
-18.5765
-28.5020
-35.3699
-38.5705
-41.1777
-40.5600
-41.2073
-35.2450
-19.5954
-8.1909
-4.2581
-0.3507
-2.3559
-8.8179
-12.4555
-12.5518
-6.2486
9.5606
10.1121
7.8528
4.9836
2.8622
-4.4738
-14.0577
-11.6347
-17.9270
-23.4628
-25.3991
-25.4689
-23.4509
3.7814
27.0471
44.8347
45.9167
45.2478
41.1342
39.5003
38.7088
34.1474
36.4752
42.9599
47.9866
49.8339
43.2511
35.9529
20.6629
-0.5076
-19.5047
0.0628
-8.3406
-14.6280
-17.2415
-16.8200
-14.9658
11.1747
37.1224
55.4169
59.9842
60.3058
58.2742
58.5063
57.3973
53.4880
56.8034
66.4306
67.5715
66.6525
58.6616
48.7683
30.8597
10.9073
-10.5996
-6.4460
-15.6154
-21.9500
-24.0883
-25.3665
-24.6702
4.5260
26.8160
44.7401
46.3140
48.9565
47.0763
49.0984
48.1979
47.0283
51.8255
62.9180
65.5069
65.1962
56.9251
46.2698
30.1394
9.2191
-11.7324
-5.6273
-14.0708
-20.8999
-23.3741
-24.0167
-21.5259
5.6572
32.3561
50.8091
53.1599
53.1296
50.7278
50.0206
49.1327
44.3217
46.9850
56.8878
60.0802
60.4311
52.7857
42.7885
26.4015
4.7038
-15.0490
-8.9804
-16.7795
-22.1840
-24.8278
-24.5091
-22.3214
5.3198
29.0245
46.8881
48.8255
48.6119
45.9589
45.9589
45.1174
39.6942
40.7650
49.4504
52.8408
52.8408
46.2830
37.7752
22.6072
2.8802
-16.9149
-14.5344
-24.2029
-30.6874
-34.0092
-38.2686
-34.3264
-32.7119
-26.2514
-10.0821
2.8720
4.2138
6.4123
4.8343
1.6617
-0.0742
-0.3862
6.0947
20.8809
19.5220
16.1761
11.4063
7.7742
-0.0923
-9.7551
-17.8700
-27.2236
-33.7777
-36.6567
-40.5551
-38.6418
-36.8542
-30.5041
-15.0077
-2.4286
0.9434
2.5630
1.1027
-2.4615
-4.4878
-3.9150
2.7192
16.8446
15.2491
11.1947
8.6395
5.4817
-3.7676
-13.0882
-9.7929
-17.6251
-23.8258
-26.0252
-25.4982
-23.9277
2.7742
26.1414
44.1301
45.4137
46.8232
45.1051
44.5160
42.7459
36.7370
38.7004
49.5183
52.6978
54.6881
46.6103
37.1499
21.5412
1.6089
-17.6077
-0.2007
-9.8057
-18.4113
-20.1421
-18.3126
-15.9573
12.4785
37.1224
56.8032
60.7591
60.9878
59.1498
59.0602
59.0602
54.8835
56.8019
67.6353
68.8168
69.7501
61.1227
51.8949
33.7898
12.1352
-9.5579
-4.3723
-13.1855
-20.6345
-25.0169
-25.5435
-22.8741
5.8713
32.3878
50.5395
53.1659
52.5301
52.7216
55.0341
54.5572
48.3845
44.9107
53.3206
51.7105
49.0113
40.9194
30.8623
16.1683
-2.4792
-24.0473
-15.2812
-22.3736
-26.7266
-28.0187
-28.3768
-27.8437
-0.1904
23.0918
39.4352
39.5726
36.9607
34.1929
37.4474
38.0414
37.0693
36.1146
44.3789
46.7964
46.3095
40.7643
33.5083
17.2190
-3.7677
-21.5188
-14.8914
-21.9927
-28.0824
-29.0391
-29.4546
-27.9092
1.6047
26.1652
44.2291
47.6531
47.8988
46.9836
47.0975
47.1073
42.9940
44.6353
54.7675
54.8125
55.9416
45.6509
32.7779
16.3806
-2.0738
-19.1207
-17.7732
-28.6769
-38.5452
-42.8153
-46.0398
-45.3955
-43.1042
-35.5063
-17.9690
-4.6691
-2.2468
0.1882
-1.6101
-6.4181
-5.7596
-2.7948
5.4047
20.5967
19.4439
15.1329
10.8956
8.1705
-0.6575
-12.3055
-22.6614
-33.7325
-37.6706
-43.7027
-46.8434
-44.8209
-48.4122
-43.3137
-28.3827
-15.6963
-12.6445
-10.9714
-14.9446
-19.1915
-22.4842
-24.9708
-17.5856
-3.4829
-3.8316
-5.1065
-7.1214
-2.1513
-6.7989
-17.9385
-16.7507
-24.0171
-32.1892
-33.2851
-35.9852
-34.8243
-8.4928
15.0812
29.5865
33.2974
34.0889
30.6491
29.0177
23.9130
18.2031
19.5020
29.0631
31.3517
31.4166
23.2406
15.7511
4.3178
-12.7005
-29.5685
-6.8072
-16.5121
-21.9670
-22.3683
-22.7151
-21.9670
4.7711
29.2588
49.5435
52.4374
55.4054
54.3115
53.1149
49.1498
44.5289
46.7404
57.0117
60.0174
64.5566
52.9192
42.2583
29.8416
8.5361
-13.4619
-6.8261
-14.0342
-20.0025
-23.6840
-23.3692
-22.1968
3.6858
24.0414
41.0641
42.7413
40.6396
41.4583
41.0641
39.7999
36.0489
37.8275
47.1279
45.1156
45.1900
35.6040
25.0252
9.7055
-9.5251
-24.0473
-10.6889
-17.8637
-22.2564
-23.7140
-24.1426
-24.0662
4.9438
29.9997
47.5325
49.0292
45.6560
40.5294
40.6285
40.3310
38.4343
39.3909
46.1498
46.2127
45.4455
35.7644
24.0024
10.3794
-7.4204
-26.6901
-21.2488
-27.4573
-32.1905
-33.3831
-32.9020
-29.5189
-2.7291
21.9548
38.7644
40.8447
40.1713
36.9143
32.2638
28.0093
23.6430
29.2275
42.2663
47.2338
50.0081
42.7894
33.5688
16.8333
-2.8610
-22.0792
-19.8876
-26.4114
-30.6636
-33.9193
-37.1254
-35.5017
-34.2039
-27.4377
-11.6780
1.3354
4.5455
6.2255
4.9289
1.6918
-0.0689
-0.2555
6.5502
20.7319
19.1710
16.1418
11.0890
8.1636
-0.4486
-10.1945
-19.0584
-30.0068
-36.8499
-41.1275
-43.7251
-41.7813
-42.5440
-36.9659
-22.4322
-12.4392
-16.6628
-16.6725
-20.1234
-22.3064
-25.4562
-24.6463
-17.5856
-2.4953
-3.4224
-4.2880
-8.1745
-8.3124
-15.1991
-25.7299
-22.4574
-30.1607
-36.6964
-37.4637
-35.0074
-33.9381
-8.5917
16.6696
33.0220
34.8847
32.7084
32.1269
32.1269
32.5244
29.4969
30.4633
37.5299
37.0912
35.8127
28.8085
21.1768
4.5891
-14.2190
-35.2601
-18.2287
-25.4850
-29.3522
-30.4793
-29.5967
-26.7105
5.2607
29.5562
50.6133
51.9509
51.7551
51.3759
52.2139
53.7235
51.9806
54.0951
66.3830
68.5006
68.4521
60.3902
49.8147
32.9171
12.4978
-8.3892
-2.7556
-11.0890
-17.4688
-19.3228
-19.2071
-17.1646
11.3925
35.9538
54.8522
56.9251
57.1071
54.2134
52.5932
49.5350
48.4497
50.3901
60.2034
62.9593
62.8940
53.4713
41.5946
24.8808
3.8091
-19.4423
-14.0254
-25.1108
-28.7999
-31.2002
-27.8418
-27.6550
-6.0834
16.4427
34.0104
36.1270
36.6802
36.3695
36.7595
37.4474
34.3870
39.3909
51.0810
55.0520
54.8731
47.8902
36.8860
23.0676
-0.7913
-23.3411
-21.7406
-31.7502
-35.6352
-35.9315
-36.7206
-33.6655
-6.3436
18.5802
34.8273
35.0277
35.5203
31.6857
31.1153
31.0211
27.0569
29.0388
39.8116
42.0858
42.7681
38.5027
31.4927
13.7226
-3.6766
-24.2567
-23.4471
-34.8891
-41.9321
-46.9287
-52.1841
-51.0463
-48.6759
-41.6509
-26.4758
-15.1361
-14.4684
-13.8381
-15.5266
-20.0145
-19.7824
-18.9965
-12.4501
3.7390
2.1196
-0.3023
-2.3910
-3.3560
-12.2380
-19.5703
-25.7672
-36.1538
-39.9299
-42.9829
-46.3017
-45.5482
-43.0717
-36.6981
-22.5261
-9.1833
-7.6322
-4.4544
-5.9391
-10.0220
-9.8554
-11.7868
-3.6389
11.3511
12.0656
11.0924
7.4548
3.6655
-4.8025
-13.8067
-9.7713
-17.5937
-23.5381
-26.1955
-26.5820
-24.3241
2.8198
25.5597
42.6828
44.2546
42.8658
42.1539
41.5113
40.5035
35.2259
36.9240
47.0975
49.0629
49.9174
44.1184
36.3161
19.6204
1.3787
-17.9270
-0.0051
-8.3341
-14.6377
-17.3074
-18.1067
-16.1082
13.3883
38.8455
58.8716
60.9878
61.1764
58.9646
58.5671
58.1078
56.1249
58.2406
68.8256
70.9439
70.9439
62.4732
51.8949
34.9926
13.9046
-7.1394
-1.5460
-9.7879
-15.9648
-20.4122
-19.6172
-17.2826
11.6696
36.0492
52.1920
52.5301
50.0850
48.0139
48.1979
48.0139
42.1686
44.3351
52.5269
52.6034
51.8093
44.2214
32.9880
17.0536
-2.6773
-22.8629
-16.4598
-25.5061
-30.4599
-30.3325
-27.4058
-23.9088
4.0949
29.1410
47.3832
51.3349
51.8617
49.2486
48.7681
47.2317
42.6284
44.7360
55.1960
56.5086
57.1488
51.5010
41.8602
26.7777
6.5321
-13.6197
-8.4831
-16.4006
-22.5075
-24.8278
-24.8278
-23.2296
6.6605
28.0295
46.4333
48.3775
48.6794
47.0888
46.6217
46.1799
43.1291
45.1094
55.0515
57.0481
56.9444
48.0420
40.3560
24.4853
4.6819
-15.0827
-13.3180
-23.0196
-29.4822
-32.7119
-35.9406
-34.3264
-32.7119
-26.2514
-10.0821
2.8720
6.1132
7.7341
6.1132
0.4763
-0.6042
-0.1295
5.5525
20.5538
18.9309
16.1596
11.4139
7.8174
-0.5634
-8.4637
-16.5949
-26.0416
-32.3345
-35.4794
-38.6234
-37.0516
-35.4794
-29.1885
-13.4441
-0.8308
2.3250
2.1696
1.0382
-2.1512
-3.6718
-4.8283
0.3131
14.3941
13.4260
11.3083
6.4873
2.9127
-5.4556
-14.3820
-10.6536
-19.0179
-25.4182
-27.1983
-27.2546
-25.3034
0.9861
25.5023
43.2829
44.7107
45.4137
44.5824
44.2550
43.9975
38.5612
40.1897
48.7609
49.7499
50.7267
44.4540
37.0007
21.1223
1.5369
-17.6356
0.0628
-8.3666
-15.2767
-16.9912
-17.2415
-14.7857
14.4568
40.0117
59.1569
61.2829
61.2120
59.1646
59.1187
59.1428
54.4750
57.0188
66.9530
68.6919
69.3629
60.6832
50.0676
33.6838
12.7228
-9.1239
-3.0818
-11.2930
-17.1597
-19.4009
-20.0046
-17.3431
11.4873
36.1210
54.8982
56.8314
57.0600
55.1056
55.1449
55.0341
50.8893
52.8270
63.1467
65.4458
65.4577
56.5398
48.0472
29.9161
9.6234
-11.6412
-6.2188
-14.6632
-18.4850
-20.5006
-22.8333
-18.4850
9.7765
34.0638
52.3178
54.3481
52.4791
50.7089
50.7089
51.1122
46.9296
49.0017
57.9038
58.9188
59.8342
52.2673
42.0811
21.4663
4.7604
-14.7134
-8.4441
-16.2610
-22.2788
-24.2249
-24.1698
-22.4738
5.3665
27.9553
44.0917
42.2474
41.3190
41.0704
40.9820
44.0221
41.3744
44.6035
54.7918
55.9416
54.8125
44.0852
36.7488
21.9098
1.0280
-19.9739
-17.3570
-28.7568
-36.3793
-40.3961
-41.2743
-38.9848
-38.3620
-30.6991
-15.4338
-1.1082
4.2026
6.3285
4.8033
1.3921
0.0494
0.0648
6.4759
21.0444
19.5177
16.2501
12.5986
7.5382
0.0392
-9.7133
-17.7730
-27.4631
-33.5930
-37.0084
-40.8434
-38.9403
-35.4794
-29.1885
-13.4441
-2.2584
-0.0029
0.8534
-1.5883
-7.2423
-11.5034
-10.6673
-3.4614
11.6069
7.3261
4.1697
-0.2808
-2.6029
-7.3827
-16.2534
-12.9066
-19.9865
-25.9051
-29.1014
-28.3853
-26.4344
-0.4956
24.8896
41.8743
45.0751
45.5728
43.7101
44.1726
43.8091
39.3543
41.4843
52.2351
54.5621
54.9203
46.9640
36.1917
22.7351
3.1456
-16.4059
1.2729
-7.1394
-13.4441
-15.5448
-15.5448
-13.4441
16.0114
41.3277
60.3567
62.4732
62.4732
60.3567
57.8850
58.4437
54.1692
56.2843
68.8256
70.9439
70.9439
62.4732
51.8949
34.9926
12.3354
-8.4246
-2.7264
-11.2123
-17.1527
-19.2062
-19.6273
-18.4285
8.3513
32.6187
50.1288
51.7784
50.9926
50.1288
52.2605
48.6525
45.3067
46.6715
56.0223
58.8322
57.7194
49.4313
42.0117
28.1339
9.0607
-12.9472
-7.5843
-15.8321
-20.7164
-24.2711
-25.6144
-25.9164
2.6700
26.4919
44.2751
45.4685
48.7135
46.6847
46.7644
48.0369
44.7732
46.6122
57.9038
58.5957
57.6816
51.1031
40.9005
24.6932
0.8245
-18.5054
-13.1735
-22.6061
-28.6111
-32.3309
-32.9020
-32.0928
-2.7291
20.0528
36.9143
36.9105
38.8985
36.9143
34.9269
36.0222
28.3960
30.0878
40.7834
42.3772
45.1485
38.0062
29.9615
16.7434
-2.7720
-21.0685
-19.8031
-28.5186
-34.2902
-36.2849
-37.9970
-36.4245
-34.8525
-28.9111
-13.1263
-1.1082
2.3296
4.2672
2.6470
-0.9100
-3.8004
-4.6652
-0.6277
12.1582
11.5886
9.0929
6.0067
5.0984
-1.3157
-9.9115
-17.7751
-27.5725
-33.8641
-37.3266
-40.1518
-37.0516
-35.4794
-29.1885
-13.4441
-0.8308
-0.0706
1.8220
0.9434
-2.1904
-3.5983
-3.5949
2.5766
16.7896
15.2265
11.8509
7.3291
4.2169
-3.7474
-13.1526
-10.4435
-18.5807
-22.2640
-24.2159
-24.2159
-22.2640
5.1029
28.6194
46.2929
48.2585
48.2585
44.7170
44.9643
45.0997
40.8812
43.0564
52.4127
54.1635
54.4122
47.0536
37.2422
21.5400
1.8741
-17.6542
0.0770
-8.8380
-15.8134
-17.9135
-17.0401
-14.6323
14.5821
38.7964
56.8658
58.5957
59.5130
57.9643
57.5074
56.9277
51.8418
54.1636
65.9184
68.0907
67.9804
60.3902
47.9562
30.2182
8.2199
-12.8085
-7.0604
-13.9651
-20.2078
-26.9122
-29.1157
-24.7632
4.1553
30.5626
51.0162
54.5344
54.1255
51.3237
51.0162
49.2742
44.1483
45.1008
54.3998
52.6034
52.6034
48.4761
38.6067
24.4497
6.5716
-12.8893
-6.5996
-14.7134
-19.7747
-21.6932
-21.7750
-20.3525
7.7078
30.7076
49.1910
51.8617
52.2673
50.6060
48.7049
49.3055
44.7107
45.8670
55.9430
56.8326
55.5797
47.1120
38.2505
22.7634
4.2261
-14.1655
-8.6535
-16.8120
-22.5247
-24.5243
-24.1644
-22.4499
4.7118
28.4003
45.3461
46.2830
48.5766
46.9528
46.5895
47.0063
43.0424
43.8786
54.1705
56.4609
56.1170
48.2082
38.8990
23.2033
3.4943
-16.3512
-14.6363
-24.3362
-31.2902
-34.2716
-37.7471
-35.5039
-33.8928
-27.4981
-11.3314
1.4673
4.0040
2.8282
-2.2468
-7.8602
-6.7373
-7.5663
-1.2789
15.7343
15.4157
13.2732
8.8767
6.6313
-0.4811
-10.0700
-18.2914
-27.3012
-33.8017
-36.7823
-39.8043
-38.3481
-37.3686
-31.1226
-15.2966
-2.0167
1.1418
2.7166
0.2988
-2.2570
-3.9063
-3.8573
2.4291
16.8378
15.3382
11.8392
6.3525
5.4817
-2.4083
-14.2036
-8.5898
-16.4059
-22.2640
-24.2159
-24.2159
-22.2640
5.1029
28.6194
46.2929
48.2585
45.7907
43.8257
46.2929
44.3397
40.8181
42.9994
52.8456
54.9293
54.9293
47.0552
37.2455
21.5482
1.9536
-17.7426
-0.0668
-8.3190
-14.6638
-17.0777
-17.1723
-14.6859
14.8256
40.1415
59.1677
61.2349
61.2839
58.9828
58.1899
57.1092
53.0542
53.8150
64.6052
68.3528
68.0359
60.3902
49.3102
32.9171
11.7933
-9.5579
-5.3258
-13.1249
-19.2393
-20.4380
-19.6876
-17.9466
10.1154
34.3976
53.3786
54.8573
53.0100
51.0939
51.2477
53.7503
49.6062
51.5234
62.4211
64.3134
65.0555
57.2033
46.6553
30.1908
9.3289
-11.4543
-5.7676
-13.6240
-19.7458
-21.6802
-21.8177
-19.6628
8.5624
32.1998
51.0061
53.1269
52.9990
50.9828
50.9828
50.9691
45.8485
48.2420
60.4413
60.1701
60.5598
52.7056
42.8905
26.7953
5.5735
-14.0310
-9.0355
-17.5953
-23.0649
-24.1784
-24.3132
-22.8552
5.3731
29.1966
46.7841
50.2880
48.3337
46.9325
47.1127
47.1073
43.1304
45.1199
54.7615
56.8260
57.0399
48.7709
38.5711
22.5813
3.4909
-16.3729
-15.1298
-23.0196
-31.2128
-34.3131
-37.2274
-35.5649
-33.9026
-27.7534
-11.2721
1.5852
4.5759
7.7341
4.7524
1.6672
-0.0689
0.0711
6.5286
21.1483
19.4439
15.9886
9.1295
5.6992
-2.7948
-13.9732
-22.0985
-34.6428
-38.6362
-40.7362
-44.4291
-44.0281
-44.8174
-37.7862
-21.7828
-9.1833
-6.9645
-5.2937
-6.6817
-8.4575
-9.9443
-12.1677
-8.3043
7.0716
6.0789
5.6473
0.5515
-1.1040
-10.3937
-19.5735
-15.5058
-20.8593
-25.8418
-27.1983
-26.6769
-23.8108
3.8242
26.8466
44.6751
46.5476
46.8454
43.9049
44.2550
44.2950
40.4049
42.2903
50.0829
52.1169
52.8194
45.9167
36.6591
20.8938
1.5937
-17.7290
0.0628
-8.4588
-14.6289
-17.4500
-17.9135
-18.2622
6.6104
31.7043
51.3759
55.5797
53.2057
47.4605
45.7676
45.9660
37.1796
37.5982
46.7227
45.9758
45.9234
38.1631
27.1674
10.0893
-9.3635
-28.5242
-20.0836
-26.9369
-35.5071
-36.0727
-33.3420
-29.6218
-1.0130
22.2642
40.8679
43.8244
43.0352
39.9924
39.4174
40.6722
38.5114
39.7851
49.9362
53.8008
54.7977
48.4761
37.2513
20.7165
0.9573
-17.4951
-13.0826
-20.3201
-26.2732
-27.4058
-27.3198
-27.1874
0.1928
24.5452
43.8144
45.5624
47.8054
45.1717
46.2790
47.0004
44.0495
45.3547
54.7220
53.4900
49.0745
43.7392
33.5083
19.6947
-0.3318
-20.3201
-12.5352
-20.3534
-25.8178
-27.8639
-27.2167
-25.3844
3.0691
26.7032
45.2900
46.0778
44.4956
41.1584
39.5220
39.6156
37.3637
40.1145
50.8535
55.7529
56.3907
48.9705
39.0855
23.1948
3.2281
-16.9348
-13.3180
-23.0196
-29.4822
-32.7119
-37.8730
-34.3264
-34.3031
-26.2514
-10.0821
1.0156
4.9165
6.5532
4.8483
1.1712
-2.4004
-6.1102
-3.0049
8.7082
5.2170
1.9777
0.9698
-3.2569
-13.0281
-20.0605
-25.4858
-33.7325
-38.4706
-42.7185
-45.6851
-41.9288
-40.9695
-34.6831
-18.2622
-5.8062
-3.1923
-1.0752
-4.2581
-8.2794
-11.4095
-10.7591
-1.0752
14.5848
13.4260
10.4367
6.6116
3.4944
-3.8813
-13.0622
-9.8747
-17.5949
-23.5313
-25.4037
-25.4037
-23.4474
3.7992
27.2331
44.3397
46.6504
47.0289
44.9013
44.1726
44.1726
40.5167
41.9870
50.5439
52.5734
52.1169
45.1910
36.3161
20.5790
1.4122
-18.1683
-0.8349
-9.2449
-16.4870
-18.5868
-18.0572
-16.4306
13.1242
39.6183
58.6749
60.5102
59.8342
56.7400
56.4136
56.2786
50.8825
50.7342
62.0992
65.3770
67.3855
57.4565
46.6554
28.6352
5.4438
-14.8494
-5.3258
-13.2468
-18.7325
-20.7373
-22.5468
-19.6089
8.4230
34.5743
53.0309
55.6151
54.5344
51.9120
50.3766
49.9613
46.7168
49.2521
58.0811
61.9873
62.5576
55.7206
45.2562
28.3126
8.7190
-11.1903
-6.0010
-14.1989
-19.7211
-21.6878
-21.6878
-19.9608
8.2385
32.8541
50.6687
53.1372
52.2256
50.2375
48.0369
46.6847
41.2038
42.5199
53.9783
54.0514
55.2294
47.1120
35.2390
17.6087
-3.9647
-24.8145
-16.1770
-23.1455
-29.9837
-28.7148
-29.5389
-28.9705
-4.9592
18.6792
39.0504
42.8786
44.4956
42.0162
42.0996
42.0162
40.6547
44.8558
54.8605
56.9870
56.9670
49.0843
36.2886
18.9520
1.6318
-18.6639
-14.8398
-24.5135
-30.8600
-37.2989
-40.7446
-38.8406
-37.7418
-30.4886
-15.5904
-4.9380
-2.2468
-2.4228
-3.9452
-5.4845
-8.8001
-9.6732
-3.2980
13.5855
14.9412
12.5532
8.3398
6.2461
-1.8541
-11.0784
-20.1754
-29.2526
-34.5618
-36.9709
-39.9257
-38.2327
-36.9520
-30.7188
-14.9775
-2.1512
0.4686
2.3663
0.9850
-2.3100
-4.2227
-4.7465
3.9032
16.2585
14.3021
13.3780
8.6395
5.4817
-2.4083
-11.8683
-8.5898
-18.7398
-22.2640
-24.2159
-24.2159
-24.1564
2.7624
27.0775
46.2929
48.2585
48.2585
46.2929
46.2929
44.0481
42.3628
42.5021
52.3299
54.9061
54.9258
46.9105
38.4342
22.7351
3.1456
-16.4059
-1.0664
-8.3427
-14.6463
-16.7641
-16.7220
-14.8014
14.7059
39.7528
60.3567
60.7588
61.0808
59.1252
59.0257
59.1428
54.9203
57.0399
67.6289
69.6290
69.1519
62.4732
51.8949
34.9926
13.9046
-7.1394
-1.5460
-9.7879
-18.4120
-18.0230
-18.0230
-15.9648
12.8935
37.6951
53.9239
56.0530
56.8314
54.8182
55.0240
55.1443
50.9804
53.0691
63.4322
65.5177
65.4101
56.9712
46.5306
29.6665
8.9710
-9.7879
-4.3641
-12.4356
-18.4850
-20.5006
-20.5006
-18.4850
9.7765
34.0638
52.3178
54.3481
52.3011
51.0381
50.8091
50.0657
45.6243
46.0081
56.6960
59.3423
60.6579
52.5693
42.6676
26.4565
6.3044
-14.4182
-9.5064
-16.8120
-22.4499
-24.4227
-24.2766
-23.3370
6.6605
30.4339
46.7841
49.0885
49.0942
46.9998
47.1029
47.1064
43.0111
45.0284
55.0571
56.9217
56.8256
48.8745
39.1523
23.1948
3.4768
-16.3729
-14.6988
-24.2076
-30.9835
-33.8896
-37.1161
-35.5428
-34.9336
-28.4750
-12.4179
2.8720
3.9320
6.1965
4.6049
1.5687
-0.0194
-0.0689
6.5523
21.0101
19.4049
17.4654
12.5986
9.3554
1.2519
-8.4637
-16.5949
-26.0416
-32.3345
-35.4794
-38.6234
-37.0516
-35.4794
-29.1885
-13.4441
-0.8308
2.3250
2.0043
1.0040
-2.0817
-3.5907
-3.6123
2.5820
16.9290
15.2644
11.8682
7.1307
4.2949
-3.8342
-13.1302
-9.8523
-17.6960
-23.4433
-25.7472
-26.1512
-23.6198
3.5038
26.6707
44.4258
45.9597
48.2585
44.3397
45.0882
44.6142
41.0919
43.1249
52.8849
54.7103
54.5470
46.7419
36.9473
21.1641
1.2891
-18.2577
-0.2937
-8.3508
-14.6545
-16.7381
-16.8680
-14.9149
13.0691
38.4309
56.8032
59.5130
56.9917
52.6687
53.6378
51.8443
48.4412
49.6374
59.4550
59.9189
59.0273
51.0656
42.4497
26.4156
6.8815
-11.7418
-5.3258
-12.6653
-18.9504
-21.4170
-22.2648
-19.0067
10.9043
34.2763
53.0907
53.9842
53.2430
50.7801
52.1229
51.4742
47.0283
46.6715
54.3025
56.6663
57.4350
53.8406
45.3093
28.8606
8.9910
-11.5184
-6.0317
-15.2579
-22.6575
-24.1426
-24.8106
-25.1350
5.1640
29.1410
44.2751
43.0513
42.5565
39.7341
42.5846
42.0043
38.7222
40.4612
50.6015
52.5342
54.0514
44.1291
36.5291
15.6413
-6.9306
-30.1340
-26.3192
-32.3130
-42.9185
-43.7156
-42.3328
-40.2794
-12.7697
12.7285
32.2638
33.3823
32.2596
28.8506
28.6790
29.7318
25.5892
28.5718
41.9681
45.7468
46.5422
45.9379
37.1759
21.0723
0.0724
-19.7528
-18.8240
-26.1158
-33.1199
-35.3184
-37.4320
-36.0514
-36.9456
-31.0614
-14.1228
-1.7364
-1.9721
1.3994
0.6719
-4.0543
-18.6689
-22.3517
-17.2088
-2.5989
-3.8494
-6.7022
-9.8799
-10.9144
-19.0773
-27.8556
-35.2731
-45.6422
-52.6546
-54.2867
-58.4408
-54.2326
-51.0534
-45.6363
-30.1152
-18.3718
-14.3805
-11.4598
-13.8083
-16.0869
-17.6613
-17.7586
-10.9714
4.3017
3.2197
1.4520
-1.6153
-5.0596
-13.4259
-21.6156
-19.5985
-26.5309
-32.0936
-34.0430
-34.2345
-31.7128
-3.3482
21.1421
40.3409
41.8901
39.6666
36.9498
35.0080
33.6196
29.5965
30.8611
39.0865
39.0164
37.7175
31.6435
24.7792
11.4850
-8.6658
-28.1872
-8.6829
-16.7972
-23.1893
-26.1541
-26.2512
-23.1893
7.2696
33.4783
54.7176
58.2563
59.2839
57.4527
58.1899
58.3151
53.4365
55.4990
66.2852
69.1951
69.7501
60.6223
49.1026
30.2918
9.2896
-10.2998
-4.8266
-13.6949
-20.6345
-22.6914
-21.9924
-19.9353
7.5257
30.7372
46.2118
47.2058
43.4289
39.8960
39.7999
35.9418
33.0791
35.0588
44.2978
44.4034
42.1811
34.6294
27.2731
13.2313
-3.5670
-20.2113
-12.9897
-20.4105
-23.5242
-24.2065
-24.6720
-22.3876
6.5504
30.2664
47.3077
49.1840
49.1840
46.6045
45.9460
45.1717
43.9798
45.9379
53.8934
58.8555
60.6579
53.0460
42.3754
26.6003
6.5441
-14.9491
-9.5528
-17.1447
-23.6659
-28.3983
-27.9386
-26.6632
0.9010
26.0244
42.5099
48.2082
47.2196
45.7672
44.6898
45.2332
37.8782
39.9472
50.5356
51.2639
56.9217
48.5392
38.0596
24.4853
3.1449
-16.7795
-18.0624
-29.1632
-34.8982
-38.1257
-42.8319
-41.2191
-39.0967
-33.7639
-20.1192
-8.6436
-6.3947
-4.5784
-6.0979
-8.6436
-11.0503
-9.5756
-2.7131
12.4475
10.5370
8.0626
5.6635
2.4232
-4.5841
-15.2936
-28.8684
-38.2015
-41.7708
-46.7420
-48.9113
-52.4293
-49.4949
-44.8717
-28.2850
-19.3702
-15.8633
-12.9003
-18.0070
-18.6477
-13.8177
-16.7799
-5.5779
11.4368
4.1123
2.3377
-3.3779
-5.6451
-13.9160
-23.2636
-17.5837
-24.3767
-29.6917
-30.8609
-28.4543
-27.4529
1.2543
24.8246
42.4235
44.9565
44.5837
42.0849
43.2829
42.2223
38.6263
35.9257
48.9938
52.8792
53.4880
46.0076
36.6591
21.5518
1.9011
-17.6742
-0.1802
-8.4093
-15.0077
-15.5448
-17.3968
-14.8944
14.8174
39.8403
59.1557
60.5598
62.4732
60.3567
57.9428
59.0536
52.5102
55.2259
65.7498
67.3222
67.4482
58.7269
49.8147
33.7230
12.7121
-8.4021
-2.8386
-11.2844
-17.9862
-20.4860
-20.5347
-19.3598
8.8406
34.7445
52.0532
50.7238
49.6195
45.2340
41.0641
39.0386
34.7147
38.4084
48.0781
54.1003
56.4721
51.7784
40.6399
24.2744
2.7392
-14.1742
-14.1210
-27.8629
-28.0334
-26.7289
-26.5640
-24.1456
3.9340
23.7749
41.7118
42.0598
41.1630
39.8337
40.6285
41.4178
38.2414
42.2474
51.8357
54.8731
56.9917
48.7932
38.0860
21.1240
1.4204
-17.4788
-11.4292
-18.0686
-23.0649
-24.4975
-24.1784
-22.1986
5.4621
28.9486
46.7245
49.0674
48.7112
46.2554
45.8330
48.3008
42.9803
44.7381
54.3399
56.9278
57.0270
49.0885
39.0564
23.2946
3.4173
-16.5781
-15.0152
-24.5135
-31.0007
-34.2039
-37.3383
-35.7932
-34.1790
-27.5398
-11.3832
0.4763
6.1132
5.3369
4.0314
1.6906
0.0721
0.0007
6.3731
20.3874
19.4638
16.2343
12.5986
7.3666
-1.0874
-9.8219
-18.0901
-27.7684
-34.2677
-36.7663
-42.1312
-42.3844
-42.9829
-37.6939
-25.8214
-14.8111
-13.4229
-11.6541
-14.7576
-15.2054
-17.1727
-15.4960
-5.1053
13.5734
14.5870
12.1899
6.9998
3.7143
-4.5574
-15.0853
-11.8082
-19.9865
-27.2255
-28.1156
-28.1156
-25.4182
0.0481
24.8896
42.5545
45.7250
46.5476
44.8105
44.9013
44.9761
40.9511
44.3276
52.6399
54.9293
54.8125
47.0289
36.4830
20.9147
1.6656
-17.5830
0.0088
-8.6893
-15.3128
-17.3074
-17.8672
-16.0571
12.2878
35.2975
55.0337
58.0453
58.8555
54.3937
54.3937
52.8483
47.0546
50.2829
60.7655
62.4198
65.4563
57.1488
45.5234
28.7190
8.2997
-10.0728
-4.4266
-11.7712
-17.9466
-20.0438
-19.7192
-18.0679
10.8645
35.5347
55.0762
57.1363
56.9726
54.6237
54.7165
52.3283
47.3313
51.0776
63.3580
65.3702
63.6897
55.8729
44.4994
27.8222
8.2081
-12.2055
-6.9299
-17.5548
-22.1918
-22.6876
-21.8230
-19.6690
8.5727
32.8459
51.1269
53.0526
53.0526
50.8343
51.1291
51.1291
46.9866
49.0942
59.2361
61.1418
61.1024
52.4366
44.2008
26.1239
6.4143
-13.7931
-8.3600
-16.2706
-22.1928
-24.2766
-24.8278
-23.3928
6.6605
30.4339
48.3008
50.2880
50.2880
46.7841
46.9719
46.6927
42.7521
43.9046
56.2518
58.2406
58.2406
50.2880
40.3560
24.4853
4.6819
-15.0827
-14.4970
-24.2483
-30.6993
-34.2716
-37.7877
-36.2591
-32.7119
-26.2514
-10.0821
0.4763
3.8802
7.7341
6.1132
2.8720
-0.3464
0.0648
6.4550
20.8568
19.2579
16.2711
11.3992
8.1679
-1.7969
-11.3966
-22.0201
-30.7051
-37.1407
-38.8657
-42.1312
-41.2828
-40.3577
-32.4573
-16.3750
-2.6312
-0.1446
-0.9258
-2.5775
-5.8817
-9.1578
-9.3299
1.1811
16.0477
15.0365
12.1953
8.6395
5.4817
-2.4083
-11.8683
-9.8972
-18.9181
-27.6851
-27.4277
-27.1983
-25.3604
2.9085
26.7403
44.7321
46.9242
46.4110
44.2142
44.4095
44.7592
41.0627
43.0424
52.9535
54.8974
54.6067
46.9794
37.2366
21.4284
1.6379
-17.5902
-0.2344
-9.0356
-15.7789
-17.1080
-16.7339
-14.6280
14.5590
40.1385
59.0203
60.3902
61.0352
58.3151
57.3973
57.3412
53.6379
53.4515
63.8803
66.0724
67.3855
59.6231
49.8556
33.6939
12.6741
-8.7757
-2.9720
-11.4543
-19.8028
-21.9924
-21.0078
-19.4830
7.7573
30.8239
50.1288
52.2005
48.4761
46.0175
48.1060
46.3087
39.4082
39.8842
51.0305
54.7977
56.8598
48.5726
38.2232
22.4479
1.0532
-17.8563
-13.0826
-19.6088
-25.4784
-26.6462
-25.2406
-21.4140
7.6663
32.0292
50.2375
51.2781
49.3367
47.3077
48.7049
49.7330
45.2478
46.9850
56.6307
56.9124
57.5321
50.1357
39.4943
24.5720
3.0711
-17.4034
-10.8938
-19.3957
-27.2324
-28.7148
-30.2285
-28.7005
-0.4431
25.4381
44.1607
42.8786
42.9673
39.3341
40.3534
40.9820
36.8349
42.0364
53.6657
56.1170
56.9530
49.0017
38.3597
21.7558
1.2778
-20.6663
-18.2105
-27.0535
-35.9536
-40.1295
-44.6232
-43.8550
-46.2406
-40.3820
-22.2673
-8.0553
-4.0416
-2.8102
-2.3390
-5.6690
-7.2874
-5.5008
2.4476
17.9297
17.5393
14.7905
10.2211
4.9581
-2.4645
-11.6821
-20.4326
-30.1416
-36.0346
-40.6594
-43.7251
-41.4929
-40.5075
-32.8263
-18.4866
-7.5816
-4.7746
-4.0888
-5.6654
-8.6370
-8.7347
-7.3078
0.2496
13.9262
12.0656
7.6134
3.5823
-0.5202
-7.6878
-16.7616
-13.8651
-21.3712
-26.2312
-27.6072
-27.7303
-24.4075
3.4639
27.0893
43.9049
44.4540
45.0161
41.8743
40.4224
40.7438
34.6028
38.2126
45.9296
46.0006
44.8255
34.1882
20.8030
3.5225
-13.7507
-35.7777
-16.2728
-26.2773
-32.5662
-35.5043
-35.8294
-30.2096
-0.9133
18.7000
35.5387
37.3868
37.6484
35.2418
35.2418
35.2418
31.0239
33.1326
43.6829
45.7942
45.7942
37.3514
26.9622
10.5295
-8.6422
-28.5242
-18.8999
-26.0869
-26.7680
-27.8580
-29.7035
-25.1379
6.4705
28.6467
46.0175
49.3369
49.5255
46.5982
49.2742
49.3615
46.6376
48.7878
61.7270
62.6941
63.8013
55.0429
44.6848
27.9489
6.8451
-13.2468
-8.0778
-16.2753
-20.8528
-22.0478
-22.1647
-19.7211
8.3484
30.3314
47.7522
47.9746
47.8902
47.8243
49.8321
49.3615
45.1910
47.1620
58.6611
61.1365
59.1650
49.4871
41.6687
24.9271
5.1854
-14.1655
-9.5528
-18.1249
-24.1014
-26.0168
-27.0116
-23.9325
1.7553
25.6622
43.9518
46.8017
46.6122
41.3332
44.0221
43.5918
38.9377
39.6930
47.9293
51.3509
49.6374
42.5199
27.5931
12.7397
-9.6045
-31.2749
-30.4592
-40.8762
-48.5643
-52.7086
-56.7206
-51.6062
-50.1800
-43.8262
-29.2987
-14.5848
-11.4437
-10.6471
-13.9851
-20.1333
-22.1958
-22.5965
-16.5262
-1.2307
-3.2906
-7.4949
-12.2320
-15.5928
-23.6699
-33.3540
-40.4344
-49.2441
-53.6491
-56.2607
-56.8938
-55.1465
-53.7573
-45.8254
-30.8638
-16.3785
-9.4852
-10.6770
-12.9375
-19.1915
-20.5853
-21.0327
-15.4345
-0.2875
-0.2931
1.2542
-6.3423
-9.4939
-16.8783
-28.4482
-23.1463
-32.0187
-39.7559
-42.4311
-43.3972
-41.1038
-13.0014
13.0117
31.5329
31.9317
32.4159
31.5329
31.5329
29.8740
25.9523
26.8694
35.9371
39.3016
42.1396
35.2831
25.5749
9.3065
-10.2486
-26.1474
-9.4571
-19.5269
-24.1535
-25.2873
-24.4369
-20.6163
7.0826
34.2793
56.8658
60.4311
61.2611
58.5418
56.1410
56.6760
51.9115
54.4963
63.8047
66.5110
65.8454
55.8382
47.7529
31.3879
10.3098
-9.1631
-3.2458
-11.2354
-17.2400
-19.5179
-19.5438
-17.1492
11.3548
35.7878
54.4245
57.0600
56.4974
55.1232
55.1319
54.5572
49.4516
50.7754
58.9904
59.0133
59.8970
52.8520
40.1909
26.3403
4.9861
-18.0388
-14.2167
-22.7587
-25.1350
-24.0167
-21.7750
-20.9478
6.8366
30.6466
48.2440
50.6058
51.3910
46.1134
46.6045
47.4581
44.7732
48.1666
59.1804
60.6023
61.1597
52.7056
42.2482
26.1239
7.7552
-12.4356
-7.1815
-15.0827
-22.9406
-24.2601
-24.1601
-22.4269
5.1858
29.2388
46.5234
46.0778
47.6016
46.2216
46.8181
46.8181
42.2903
43.8786
52.7003
55.3374
55.4459
47.9455
37.6209
20.6270
-0.1476
-21.2326
-19.6354
-30.9835
-40.4608
-43.2975
-49.8570
-44.6200
-45.4522
-38.3126
-20.2154
-7.1821
-3.4659
-0.7198
-1.7904
-5.0282
-5.1613
-4.7468
3.7514
19.4449
16.4479
13.1339
7.7641
1.3577
-7.7535
-19.0829
-24.9302
-37.8081
-40.3792
-43.7027
-49.4917
-47.4379
-42.2852
-37.9717
-24.0563
-12.5376
-10.1768
-9.5913
-11.3647
-15.8918
-16.9765
-17.9529
-9.9869
7.2673
6.5625
5.7371
1.9659
-2.5119
-9.0723
-18.4391
-16.8421
-23.1430
-30.5015
-29.4035
-28.5238
-23.5860
3.3690
26.0924
45.0463
48.2585
48.2585
45.0530
45.0953
44.5160
40.8560
39.1703
47.7844
48.6206
49.9174
35.9800
32.9698
19.6204
-0.6365
-21.7532
-1.6637
-8.8380
-15.2767
-17.2415
-17.2740
-15.3877
14.7224
39.7528
60.3567
62.4732
62.4732
58.7779
58.8376
59.0435
54.7946
56.9870
67.5821
69.1519
69.6883
61.2775
50.3330
33.6606
12.3504
-9.8057
-5.2611
-15.6154
-20.0025
-21.1789
-21.4783
-20.8556
6.2162
30.4747
48.1979
49.8065
48.5726
45.5289
51.0162
48.1060
44.2395
42.6703
52.1284
52.4044
53.6011
45.2177
34.8729
21.9736
1.4348
-18.1305
-10.1153
-18.9214
-25.1350
-26.4009
-26.5640
-22.7961
4.7942
27.8742
46.5239
48.5526
47.2000
46.6045
45.7768
41.5160
36.5754
41.3190
48.4417
52.6308
49.5735
41.4621
36.7083
20.5987
-2.0171
-19.8729
-13.9267
-25.0172
-30.6448
-30.6716
-29.7946
-28.1697
-0.1829
21.9548
41.5065
42.9673
42.9673
42.8294
39.5220
41.0704
39.9809
42.0364
52.7003
54.0951
53.1505
44.4144
35.1244
20.6926
1.6318
-17.2282
-16.4759
-24.8500
-31.9901
-34.7692
-37.6328
-36.5094
-35.1223
-29.2330
-15.6694
-1.9563
-0.2202
0.5420
-1.8811
-4.3155
-5.6730
-6.4665
-0.3528
14.2321
13.5069
11.3718
4.0467
-0.5149
-7.7535
-17.2707
-26.3362
-34.7355
-37.9849
-39.2425
-41.6002
-39.4136
-37.9854
-32.2252
-18.3364
-5.7312
-2.4292
-1.3806
-4.6875
-6.5045
-8.1610
-10.0335
-3.3732
13.7163
13.6508
11.3489
6.9374
3.9562
-3.5983
-13.0498
-9.8595
-17.6158
-23.6637
-25.5146
-25.5714
-23.9242
3.5038
28.6194
44.3397
47.0704
47.0683
44.3834
44.3834
44.2001
40.3654
42.9803
52.8278
53.7688
56.1249
48.2585
36.0835
22.7351
1.7853
-17.7426
-0.5423
-8.3774
-14.8228
-16.7705
-17.0401
-14.8909
14.7870
39.8936
59.0687
61.1418
60.9245
59.0065
59.0756
59.0602
54.7336
55.8838
66.9530
70.9439
70.9439
62.4732
49.8951
32.6430
12.0032
-7.1394
-3.4435
-9.7879
-18.2989
-20.3564
-19.5857
-17.1420
11.6816
36.4499
55.1361
57.1612
57.2049
55.0007
54.2959
54.1274
50.6561
49.6240
57.7371
58.2812
57.7194
51.1699
37.8366
21.2035
3.8959
-15.2964
-11.2839
-22.6622
-27.8437
-26.0014
-24.0167
-21.9400
6.8366
32.0292
50.8585
51.9576
50.6703
47.3832
47.0780
44.9952
41.0282
43.3186
54.2303
58.9188
58.4619
48.1420
39.0436
23.5785
2.9977
-15.4789
-9.2051
-17.1447
-23.3252
-24.4227
-24.4227
-22.1872
5.4767
29.2007
47.1105
49.0158
49.0942
47.1017
47.1029
46.7929
42.6176
44.3933
54.8150
56.8256
56.4609
48.4036
38.6141
21.9596
1.0914
-19.0535
-16.3610
-26.0025
-32.5187
-35.5268
-39.2065
-36.4245
-36.0994
-28.8098
-12.1868
1.3731
4.9149
6.5372
4.7862
1.4452
-0.2468
0.0418
6.3731
20.7319
19.0759
15.9258
11.4133
8.1029
-0.1977
-10.4474
-21.2642
-29.8745
-35.2582
-38.3473
-42.1936
-40.6225
-40.2101
-34.2965
-18.1884
-5.6569
-3.3511
-3.1978
-5.2156
-9.0914
-10.5758
-10.1230
-4.4544
8.0445
5.7867
-4.0098
-8.7376
-11.9811
-21.2093
-30.6460
-28.7311
-34.9076
-39.7559
-41.5186
-40.1017
-36.5983
-8.3938
15.2798
33.9181
34.9843
32.2216
31.3356
32.2262
35.2050
31.4770
33.3409
42.2673
44.9242
44.7267
36.9707
25.3760
10.5965
-7.1018
-25.6727
-6.2666
-16.6069
-21.0582
-28.7088
-26.8366
-21.5998
8.0068
30.7369
51.7512
52.9192
39.7188
37.8029
37.9357
37.6085
38.4529
47.4303
60.5817
63.4251
63.6035
49.1743
40.5030
23.5273
2.8636
-22.4802
-17.4788
-22.7640
-30.5072
-32.0704
-33.2449
-31.2880
-3.4539
22.3620
39.3223
39.9970
39.2824
36.2718
37.9286
39.0386
33.8838
36.8763
51.6294
52.6034
54.7977
45.7164
33.8780
16.7575
-2.8754
-24.7336
-17.1516
-22.3736
-27.1874
-28.3768
-27.5791
-26.0051
2.6700
26.1313
44.7278
46.4853
46.5759
42.4884
43.5344
41.8094
36.6744
38.7997
49.6280
52.6308
52.7271
43.6414
33.8010
18.4755
-0.4231
-22.3736
-16.0833
-23.5115
-28.7005
-28.4767
-27.5705
-27.2324
0.9812
23.2204
41.9323
44.5762
46.1468
45.3461
44.2291
42.9081
38.1297
40.6052
50.7748
54.2314
53.6714
46.5476
35.3538
18.7124
-2.8610
-22.6061
-20.8432
-30.4466
-35.6206
-38.8477
-42.3227
-41.3921
-38.6028
-33.2378
-18.3327
-5.4845
-2.8041
-2.1340
-6.9891
-12.8769
-14.0084
-13.8132
-7.0498
7.7192
3.4001
0.3490
-5.0656
-5.6278
-13.8132
-21.5411
-31.6250
-40.3689
-44.7797
-48.2151
-52.9272
-51.1622
-51.5332
-46.2009
-31.0483
-20.1566
-16.6628
-14.8250
-18.0070
-21.1544
-23.9521
-23.4326
-18.4849
-6.3277
-7.9746
-11.1247
-15.8481
-19.4539
-27.3183
-36.7475
-33.4797
-41.2704
-47.1095
-49.0551
-49.0551
-47.1095
-19.8315
4.0334
21.2384
23.6794
24.2164
22.4993
23.5865
24.8325
22.8417
25.9486
34.9533
38.2673
39.1112
28.8085
19.0091
4.2280
-14.4968
-33.5401
-13.7922
-21.3053
-30.2096
-28.9063
-28.3136
-26.2164
1.4081
25.4994
45.5695
48.6756
47.5831
44.2944
46.5628
47.9591
44.5289
48.4999
59.7403
63.6035
62.7898
55.6663
44.3053
27.7748
8.9947
-10.5383
-4.9473
-13.1855
-20.4185
-22.4046
-22.7645
-21.0816
6.9674
31.1666
49.6211
51.9485
47.5012
45.6269
45.1354
45.2340
43.0307
43.1640
52.2281
55.6887
56.8598
49.4313
39.0808
24.0088
4.1539
-14.2451
-7.5257
-14.6249
-21.0963
-24.9516
-24.9516
-24.3868
3.1019
28.6026
45.8616
48.3898
48.3898
49.1327
49.4715
49.0737
46.6103
48.8957
58.0490
60.0326
59.9350
51.9101
42.9297
26.7040
6.4761
-13.6435
-8.4891
-16.5781
-22.4738
-24.9188
-24.9971
-22.9849
3.8311
27.0183
45.2900
47.9455
48.6084
47.0647
46.8655
46.8422
43.1347
45.0674
55.0330
57.0509
57.0127
49.1004
39.1277
23.3017
3.4687
-16.3664
-14.6552
-24.2204
-31.0426
-34.0268
-37.2940
-35.7013
-34.4798
-28.1008
-11.2674
1.5627
4.0040
4.7393
3.5936
0.6784
0.0126
-0.2218
6.2342
20.7939
19.5106
16.2820
10.7398
7.0682
-0.6463
-8.4637
-16.5949
-26.0416
-34.6092
-35.4794
-40.6457
-38.3481
-36.6713
-30.5041
-15.0077
-2.0630
1.0855
2.6247
0.5917
-2.7776
-4.8283
-6.3191
-0.0775
15.6922
13.7052
9.3923
4.0276
1.0866
-8.3226
-16.5404
-11.5783
-18.8694
-24.4075
-26.9806
-26.2351
-24.7743
1.6986
25.0807
42.8084
44.0495
45.3591
45.0343
43.2261
42.3571
39.3543
37.7935
47.2717
48.3509
51.4843
44.3882
33.2039
16.3879
-0.4441
-19.3913
-2.9104
-13.4619
-18.9500
-19.6504
-18.4201
-16.4870
14.3077
40.0278
57.8683
59.8342
60.6579
58.6749
58.7359
58.6749
54.1244
55.4459
67.1730
69.3209
67.5102
57.7555
47.9562
30.7909
8.2997
-12.4157
-5.7277
-14.6082
-20.4185
-21.8599
-22.4754
-17.8699
10.1154
35.2141
54.8764
57.1820
57.2210
55.1253
55.1089
55.0991
50.7983
52.6140
62.9809
65.1428
64.4513
55.3951
44.3079
27.6928
6.8451
-13.8287
-7.7642
-15.7116
-21.7583
-23.7140
-24.8808
-22.8663
6.8917
30.6466
49.3615
50.7974
51.8617
50.2375
50.2375
49.8321
46.9726
49.0898
59.1103
60.9538
60.6434
53.1422
42.9224
26.4739
6.4333
-14.2476
-9.1211
-16.9768
-22.1810
-24.3366
-24.2130
-22.2649
5.4469
29.2494
47.0419
49.0017
47.8988
45.8164
46.3024
46.8877
42.9152
45.0968
54.8979
55.4459
54.6249
47.9914
37.8742
21.1333
0.2163
-19.3957
-17.3570
-27.4691
-35.2145
-37.0851
-42.4908
-40.1353
-39.6061
-34.9451
-20.6990
-7.3750
-4.1382
-1.1851
-1.7904
-1.6642
-3.2834
-0.9413
5.4047
20.7507
18.3778
15.3946
11.3187
7.7454
-1.9706
-12.4381
-22.5796
-31.7765
-37.5934
-41.0483
-47.8634
-48.2142
-51.3418
-46.4799
-31.9530
-19.1017
-15.4076
-11.4598
-13.9998
-15.2054
-14.7046
-12.7450
-4.7317
10.5625
6.7547
3.0200
-0.8475
-5.3517
-13.1332
-24.2481
-21.8647
-27.7945
-35.2190
-37.9567
-36.4772
-35.5152
-8.7895
13.5003
29.5865
30.8850
29.0689
28.5507
29.6822
35.3033
33.4971
39.6942
50.6071
53.0542
53.5388
45.2478
34.2994
18.7445
-3.3534
-18.7744
-3.8554
-14.0567
-23.4768
-24.7183
-26.3485
-23.8625
4.9673
29.2588
47.4605
51.5588
53.3007
52.8483
55.4169
56.2786
52.5734
53.9563
62.9378
63.8682
64.0428
54.6928
43.4847
26.0416
5.0718
-15.9479
-10.1748
-19.6335
-25.6115
-27.0058
-26.8190
-25.6115
3.7802
25.5328
43.1479
44.3209
44.6195
45.3324
49.0100
52.1920
50.3780
53.0576
63.3439
64.1180
62.6941
47.1071
40.0089
29.4551
8.9177
-11.8108
-10.2769
-15.4789
-23.6001
-30.6202
-30.7164
-30.4599
-2.2427
21.5101
41.2212
45.2799
45.9352
47.0004
42.2953
37.2502
31.1676
38.3043
49.4314
53.3954
51.4604
45.1853
37.6668
22.9166
2.1548
-18.1007
-12.6918
-20.6663
-26.6632
-27.5705
-26.9445
-24.9058
3.4944
24.8963
42.5099
41.8795
39.7824
36.0222
35.0265
35.3253
28.9812
32.8440
41.8688
41.6999
41.5081
32.4440
23.0004
8.5949
-9.3085
-29.9204
-28.1592
-35.3814
-38.7332
-41.9590
-42.8319
-41.5665
-41.3982
-35.3182
-20.8935
-7.7629
-4.6236
-2.9075
-4.9166
-6.5129
-8.8001
-9.7709
-3.2980
12.1582
11.0182
6.3211
3.3913
1.2667
-8.3212
-19.0829
-25.2995
-34.5505
-37.8268
-39.5744
-42.0694
-39.9735
-37.4561
-30.9146
-15.4661
-3.8223
-1.6550
-0.2815
-2.4292
-5.6569
-6.3191
-6.7285
0.3759
16.0062
15.3312
12.1715
7.4554
4.2765
-3.6123
-13.0471
-9.9925
-17.8071
-24.7256
-27.4868
-28.2492
-28.9959
-0.9808
21.6697
38.6190
38.5305
36.2780
33.6196
29.3011
28.9238
25.0026
26.6829
34.1823
37.0912
35.4084
28.5516
19.4445
4.8633
-12.9893
-34.9076
-18.2287
-27.4463
-32.2180
-32.1167
-31.5445
-30.4915
-1.1955
24.2522
43.1441
48.0785
47.1887
45.2733
47.6600
46.5628
41.1484
43.6555
55.4157
57.6302
60.3120
54.6021
47.1836
30.3648
10.0516
-9.8576
-3.8271
-12.5578
-22.3636
-24.9304
-26.5408
-27.0605
0.4735
20.5335
35.0738
35.6675
37.1415
38.2939
36.9523
37.1265
32.0540
33.9562
44.4629
46.9532
46.5325
45.2177
30.1161
12.7819
-6.6456
-24.8313
-20.2911
-26.5917
-31.6440
-33.6562
-33.6562
-29.7725
-4.2232
16.7225
37.6451
38.7856
36.6802
32.6004
30.9906
34.2847
33.6925
36.6118
44.2819
43.3357
43.7799
38.6879
31.1328
15.0455
-5.9441
-24.0264
-20.9528
-30.6982
-36.6079
-41.9028
-42.6697
-38.3144
-10.6189
11.4640
31.4947
34.5385
37.0102
35.5246
35.3253
36.4194
31.4585
37.8173
46.4174
50.7342
53.7435
48.1666
38.3198
23.1605
3.2768
-16.5591
-14.6021
-24.2134
-30.7977
-34.1790
-38.4464
-35.5126
-34.8104
-28.0458
-11.2708
1.0708
4.6386
5.1644
2.5220
-0.2346
-1.2661
-3.7249
5.2140
19.2773
18.1370
14.9910
9.9767
7.8551
-0.8560
-10.2280
-19.1071
-27.2279
-33.5419
-36.6546
-40.2461
-37.0516
-37.4119
-31.0792
-14.7197
-2.0946
0.8752
0.3759
-7.0593
-9.0000
-9.5910
-12.3594
-5.2937
9.3745
4.8048
4.2641
-2.9833
-7.8176
-15.7929
-21.8070
-17.6776
-25.4844
-30.5931
-30.0325
-29.1014
-27.1507
0.8482
23.4727
41.3622
42.6284
44.6475
42.8084
42.2223
42.2223
38.2942
40.2581
49.8757
50.6479
50.4088
38.3379
24.8786
7.2368
-12.9893
-33.3530
-16.7315
-26.5347
-34.9568
-37.6107
-37.0516
-34.2851
-4.9870
20.2597
40.5337
41.2700
43.6903
41.5790
41.6685
41.5790
39.9746
42.0858
52.7455
54.8594
54.7623
47.1887
36.6314
22.6361
5.1652
-15.0294
-9.4417
-19.3471
-26.4766
-27.5720
-30.4915
-26.5736
0.5726
25.3342
43.9454
47.0083
46.0154
43.9454
42.9485
45.9201
41.1929
40.0828
47.6000
49.6705
49.7657
44.0228
36.5623
21.2035
0.5717
-19.1572
-11.9873
-17.7082
-27.8437
-34.3466
-37.9043
-34.1901
-5.8898
21.0131
36.3695
41.9602
43.5433
37.6451
32.3472
31.4533
26.6448
31.5349
46.1498
44.7866
46.6987
39.5726
30.3367
13.7555
-7.8100
-26.6901
-23.6765
-24.9214
-30.2657
-27.9386
-26.7469
-24.0444
-6.0464
17.5881
33.9327
40.8447
41.6005
38.9553
37.8954
39.7088
37.5368
32.3466
43.4623
45.6471
50.8235
44.4144
36.1513
21.5949
2.6551
-17.7462
-16.5344
-28.5975
-37.2592
-43.3944
-46.9100
-48.3439
-46.7324
-40.0870
-22.2673
-10.0266
-7.0881
-3.2002
-4.2350
-7.4717
-7.9418
-6.8282
0.4541
13.9567
12.3352
8.8151
4.0467
3.1027
-4.9112
-12.9932
-19.9290
-28.7013
-33.6378
-36.6573
-40.5229
-38.4710
-37.4561
-32.1690
-16.4870
-3.3977
0.1314
0.8534
-1.9281
-4.6110
-4.9747
-4.4738
1.7947
14.9478
12.1367
10.7558
4.7891
2.1380
-5.8093
-15.7743
-11.7496
-20.1138
-27.3766
-29.4035
-30.9461
-31.4295
-3.1642
18.9163
32.8229
35.9800
35.8805
33.0220
30.2601
30.0667
25.3797
28.2022
37.8183
39.0164
37.8995
29.5105
17.1456
-1.2730
-21.7824
-41.2704
-22.3307
-30.2306
-35.9105
-35.5863
-35.7488
-32.6523
-1.4754
26.9727
44.9781
47.1887
49.8728
44.7820
43.4287
43.0498
38.9219
39.9190
51.1243
53.7075
55.2497
44.0506
39.1127
17.3694
-2.6360
-22.3830
-16.8007
-27.4005
-34.9942
-38.2205
-34.9665
-31.3850
-3.5495
20.8172
37.3907
44.7191
43.1334
43.3474
43.2476
44.1444
40.8974
45.7579
58.9904
61.8388
64.6644
52.2836
43.6984
28.9610
7.2989
-14.0342
-8.6135
-16.4079
-23.3741
-25.2406
-23.8936
-20.7610
6.1836
31.5840
50.8585
53.0752
53.0127
50.3956
50.9039
50.8817
47.0701
49.0516
56.5648
57.2265
52.9192
47.4619
35.6135
22.1301
2.5459
-16.2100
-10.4597
-18.2983
-24.5829
-27.2862
-26.1315
-25.8920
4.0911
24.9753
44.5614
47.2764
46.8017
45.3461
47.0149
47.0833
43.1347
44.9225
54.7675
56.8671
56.3542
46.6122
37.1759
20.9484
1.1542
-19.3957
-18.5130
-28.9180
-35.0554
-39.0133
-43.0048
-41.3054
-39.3496
-31.8270
-15.9904
-4.0543
-0.5582
2.6015
-0.5582
-3.2924
-5.1613
-3.9530
3.4082
17.9297
17.1761
12.9923
9.6018
7.6205
-1.2661
-10.0700
-17.7783
-27.2349
-33.5419
-36.6546
-39.8948
-38.5178
-36.6782
-30.3938
-15.6331
-5.1519
-1.4568
-3.1107
-6.8700
-9.2754
-10.0335
-9.6787
-4.2710
8.6199
7.0414
1.2542
-3.3779
-6.2347
-15.1002
-22.9699
-16.8421
-20.5111
-23.7331
-25.9765
-27.7303
-26.2983
1.5750
25.0807
43.7101
46.4811
45.5206
43.9516
44.9589
44.7321
41.1538
42.9758
52.9535
54.9293
54.9356
47.0552
37.2448
21.5506
1.9353
-17.6132
0.0017
-8.5910
-14.9209
-17.3166
-17.8789
-15.3387
14.0659
39.7528
59.1557
60.7591
60.7263
57.2266
54.8767
55.4919
51.2628
53.7435
62.1851
64.8904
64.4720
53.0149
39.9087
20.4518
-0.5962
-20.7133
-15.4263
-25.4142
-32.3460
-36.0727
-38.6967
-37.4705
-9.3221
14.8262
32.9957
34.9501
34.2441
32.0888
31.9217
31.2921
27.7894
29.8553
40.4472
43.5693
43.6904
36.3370
28.6840
15.1018
-5.9893
-26.3722
-20.4833
-28.5378
-36.8927
-40.8522
-41.5509
-39.5408
-5.5008
20.9136
34.1015
33.4780
33.4780
29.5301
28.5563
28.5055
25.2359
31.2688
41.1338
41.0423
43.4238
34.9690
24.3353
6.8025
-11.6778
-31.7321
-25.3471
-38.2629
-43.9382
-43.4813
-42.8356
-40.8675
-11.5380
11.2889
32.6529
34.7337
41.2246
35.6241
39.8018
42.9862
39.8388
42.5105
49.5365
49.8234
49.2623
39.3909
24.9197
9.3744
-9.8998
-27.6547
-24.9075
-35.3814
-41.8336
-47.0267
-51.8978
-50.3826
-49.9954
-42.5154
-25.4170
-7.1821
-3.8489
-3.2980
-0.8161
-2.4887
-2.6608
-2.6608
5.3110
19.9540
16.8548
13.5444
7.3860
4.2216
-4.7468
-15.1224
-24.1169
-31.6966
-37.2148
-41.2073
-44.4291
-42.2305
-40.6594
-35.7445
-19.6781
-8.4575
-6.4944
-6.5389
-8.2120
-12.2426
-15.1002
-16.2871
-9.8881
4.6982
1.9339
1.5507
-0.8475
-7.0252
-12.5518
-23.5582
-20.7775
-27.4033
-34.4299
-38.9383
-41.7034
-40.1223
-9.2828
16.3724
35.8902
36.1787
39.6666
41.7308
36.4712
34.4146
30.0937
28.6879
43.2551
48.4412
52.1840
46.3746
36.6245
19.9534
1.3443
-17.9011
-0.5994
-8.9736
-14.9399
-16.8200
-17.6067
-15.5901
12.4156
37.0528
51.4701
51.1645
48.6756
45.3719
44.5865
44.5865
41.4449
45.1485
55.8153
57.1310
52.2299
45.8274
47.6142
32.9171
5.9929
-16.7020
-11.2109
-18.5933
-25.7069
-27.7624
-27.7624
-24.9500
3.9683
24.5387
45.5289
48.4761
46.9094
44.2439
43.9454
44.9380
43.5013
47.1155
57.6501
60.5748
59.8104
51.4330
40.8170
24.8808
4.9861
-16.5308
-11.9873
-22.5658
-28.7034
-30.7164
-31.8831
-29.2845
-2.3415
21.0131
37.4474
38.7856
36.9607
33.3820
34.5617
37.6451
33.6925
35.0277
47.9440
51.9509
53.2057
47.1120
38.4130
23.5072
4.3497
-15.1001
-9.8477
-17.4515
-23.1913
-24.7052
-24.7385
-22.5516
5.0511
28.9295
46.3024
47.7538
47.3325
44.1607
43.3688
42.0996
37.4505
39.3482
48.2962
49.7306
47.8217
42.3385
31.9585
15.1688
-4.0469
-23.6037
-21.0217
-30.3584
-34.4390
-39.2649
-41.0441
-38.2873
-36.4119
-30.8423
-16.2361
-4.7584
-1.5204
0.0989
-0.3041
-2.0308
-4.5841
-3.4283
4.4496
18.5429
17.8766
14.1164
5.9215
-0.7073
-11.5450
-21.0467
-25.8615
-34.1839
-39.5765
-43.6117
-46.0353
-43.6008
-42.1147
-35.3272
-18.8715
-6.5846
-3.4312
-1.0752
-0.5571
-3.6574
-5.4556
-6.5896
-1.0752
12.0246
11.7012
9.7199
6.3097
3.0592
-5.5707
-14.2381
-10.1125
-17.9011
-23.6642
-25.8792
-26.0460
-24.4505
2.7277
26.8802
44.5496
45.4137
46.1793
44.8105
44.5160
43.8091
40.6850
42.0778
52.0353
53.9159
52.2506
43.7673
35.0150
17.7444
-3.2692
-24.3767
-6.8985
-17.2766
-25.4268
-29.8917
-33.9596
-34.4381
-8.3146
16.3552
35.2418
37.3514
37.5603
35.2418
35.7387
37.6085
33.7835
35.8257
47.8374
48.6273
47.9139
38.9457
28.4551
12.0705
-8.9545
-26.5347
-19.2696
-23.8504
-28.6342
-30.6890
-29.9002
-28.3380
0.8694
25.0360
44.9380
44.6195
43.9236
38.1106
33.7291
32.7194
28.9201
33.9562
41.2098
44.0697
41.9991
33.7626
22.9726
6.4686
-14.1236
-34.6738
-29.2677
-37.3129
-43.3427
-45.3518
-44.3737
-41.7104
-12.3625
12.2731
32.0979
34.1228
34.3722
32.6857
34.6546
40.0328
37.8532
43.4919
54.2303
56.2606
57.9737
50.4081
38.0860
21.1240
2.7742
-18.3421
-12.4577
-22.4290
-27.1497
-28.2430
-28.3204
-26.9857
1.3747
23.7412
41.1584
43.6635
43.6635
41.4200
43.3688
44.2968
40.5251
42.5756
51.6838
53.0739
51.6092
42.0640
32.9562
17.1008
-1.9882
-23.0548
-22.2127
-30.3584
-37.6208
-43.1042
-46.6186
-46.9654
-49.7165
-44.0093
-28.2409
-15.5871
-9.5456
-5.7672
-6.2957
-6.4181
-8.9930
-6.3769
-3.2980
8.6090
4.6355
4.2444
-2.3910
-5.1368
-13.2250
-22.5287
-30.1521
-36.6364
-40.5612
-45.2920
-45.3410
-43.5166
-41.0483
-31.4168
-15.4661
-4.1117
-0.8980
0.6203
-2.5031
-8.6370
-11.4095
-13.0359
-11.1671
9.4677
9.5995
4.8252
0.9136
-0.1170
-7.1595
-15.3263
-12.0494
-20.4433
-27.6851
-29.5578
-28.2492
-25.7793
2.2198
26.1896
43.3942
46.9866
46.5794
44.6142
44.8347
44.2142
40.6850
42.8698
52.4127
54.0844
53.5888
46.1377
36.7254
21.5342
1.9478
-17.6007
0.0683
-8.7044
-15.2966
-15.5448
-17.8789
-14.7623
14.5289
40.1168
59.0958
60.5859
59.2839
56.4802
56.0712
56.4136
53.9159
54.9940
65.0762
63.5145
61.7612
52.5342
41.2894
23.0329
0.0952
-21.0096
-15.4263
-26.2773
-33.3788
-34.5895
-34.5895
-31.5786
-1.9005
22.9517
42.3508
41.7728
43.6265
43.0482
43.2476
42.8488
40.6998
45.4779
61.6715
65.4255
65.4928
56.8738
45.4131
29.0582
9.0943
-12.1584
-7.8256
-17.0348
-24.5500
-26.0804
-26.9796
-22.7265
5.9911
28.9134
44.6379
45.9352
43.3469
41.5160
40.2316
38.5384
32.0282
34.3439
44.6710
44.1415
43.7799
35.6746
23.8386
8.5879
-11.8477
-30.4078
-21.8387
-27.7535
-32.9754
-33.2865
-32.3309
-28.7005
-1.0634
24.8963
42.4288
43.7487
41.9719
39.1452
38.6687
37.1115
32.7495
33.9392
42.8640
46.7404
43.9531
35.1260
26.0029
11.1529
-9.6045
-29.3322
-25.5968
-35.3814
-41.8336
-43.9785
-46.3285
-45.6883
-41.3057
-35.1311
-19.2622
-6.4181
-1.5204
0.8034
0.0287
-2.1057
-4.0302
-3.2834
1.8932
12.3513
8.6748
4.2444
2.4352
-0.9972
-10.0648
-20.6516
-27.0091
-37.3180
-44.3860
-46.4495
-48.8151
-47.7280
-47.0354
-40.9502
-24.2508
-7.9275
-5.0381
-5.1994
-5.7563
-9.8338
-10.6673
-8.2415
-1.9348
12.2698
10.6905
6.7854
2.8785
1.0156
-7.0136
-14.6374
-10.9144
-18.3875
-24.5389
-28.7361
-30.0325
-29.7804
-5.9255
20.0495
38.1650
41.2910
42.4676
41.2108
42.5545
41.2867
38.6263
42.1654
52.6487
54.9117
54.5775
47.0704
37.0229
20.7035
1.4764
-17.7861
-0.1536
-8.3892
-15.8134
-18.0085
-18.9399
-16.9014
11.7507
35.1322
54.1457
57.4565
58.3255
56.9889
55.5663
56.8658
53.0542
55.7037
66.6129
68.4029
68.2503
60.9625
50.3601
33.6939
12.4035
-8.6114
-2.8486
-11.6412
-17.2826
-18.0230
-18.0230
-17.2400
11.6135
35.9865
54.8996
56.3688
55.9705
53.3786
52.9093
50.9380
49.7536
51.8255
62.5490
63.7458
63.1513
55.3951
44.3724
26.9357
6.2162
-13.9651
-7.8876
-15.0490
-19.7907
-21.8060
-22.5612
-19.6778
8.5727
32.7183
51.1263
52.1531
54.3481
52.3178
52.3178
52.3178
46.3486
48.7709
58.7273
61.1849
60.7263
51.8617
40.0630
20.9504
-1.6357
-22.8554
-16.7440
-27.4573
-34.3565
-35.4381
-34.6506
-34.6525
-7.6296
15.1153
32.9464
36.0154
35.9162
36.8155
35.9227
34.0319
30.9606
34.5349
44.5565
48.6918
52.2792
46.4824
36.9360
22.3286
1.4580
-18.1820
-16.9634
-26.5971
-33.1837
-35.2682
-43.1792
-39.3552
-37.1558
-30.4886
-12.5964
0.6784
-0.2202
4.2672
1.9273
-3.7114
-5.5867
-6.5565
-2.1340
9.2045
13.1525
10.1761
9.0044
8.0278
-0.2555
-9.9981
-17.9126
-28.2652
-32.3345
-35.4794
-38.6234
-37.0516
-35.4794
-30.8132
-15.4269
-3.2828
-0.0147
1.5071
0.3829
-2.4286
-3.8608
-3.7168
2.0664
14.3941
11.9939
8.0876
1.8803
-1.2747
-9.9443
-21.3299
-17.1181
-26.6272
-32.4774
-36.2803
-38.3503
-35.6138
-8.5917
14.5852
35.1066
38.0476
37.0693
35.7928
35.8902
34.5138
30.0937
30.5626
39.5804
41.5439
41.4449
31.0732
19.5327
3.7843
-15.7567
-35.3473
-17.5371
-25.0330
-32.6523
-33.0520
-31.3523
-26.6117
5.9400
36.4001
54.8767
58.1162
56.7524
54.1457
54.1457
53.2908
46.5788
46.4430
54.3196
58.0299
63.3354
48.7753
38.9133
23.3298
2.2739
-17.6633
-13.4488
-22.2698
-29.3257
-31.7749
-31.0840
-28.2394
-0.5178
25.1355
42.9485
47.5994
44.9185
43.6465
47.5485
46.7901
43.4077
45.3840
54.0095
54.2001
57.1484
47.8931
38.3194
22.9159
5.9960
-15.2178
-8.4079
-17.0348
-23.8308
-25.9230
-26.9796
-25.0501
3.4401
25.4879
42.3920
45.0904
43.9345
41.9070
41.9070
43.6280
43.5495
44.8938
57.1340
58.3255
57.1488
50.2732
38.8110
23.5785
3.9708
-17.1806
-12.2282
-21.7356
-27.5674
-29.3706
-29.8806
-30.7401
-4.9592
16.3963
31.3045
32.3517
27.5697
25.9822
25.2780
25.2180
20.7476
21.8915
33.6448
35.6276
36.3809
29.1953
19.0621
5.1817
-14.2242
-32.2198
-28.7435
-34.8891
-42.1292
-43.6859
-45.1838
-43.5715
-41.9590
-36.5559
-19.2622
-4.6691
-2.8041
2.5248
0.1924
-1.6642
-5.6730
-5.7596
-5.6681
4.0083
11.2092
5.9278
2.1447
-1.0941
-9.1866
-20.0605
-29.0658
-41.0531
-44.7797
-47.6243
-54.1910
-52.1387
-51.5332
-43.3137
-27.5983
-15.3037
-15.6819
-13.3699
-12.9375
-15.3037
-13.4259
-12.5518
-1.7740
13.2061
10.9314
9.0488
2.7978
-1.7962
-7.7654
-17.7752
